0 0 3.1413
-0.0827609 -0.00302551 -2.85787
-0.169946 -0.033155 -2.58697
-0.243488 -0.0861003 -2.3602
-0.306515 -0.157557 -2.14299
-0.351715 -0.242672 -1.89112
-0.368937 -0.335128 -1.65374
-0.413408 -0.425297 -1.42727
-0.393998 -0.543281 -1.22218
-0.348609 -0.662053 -1.06124
-0.287285 -0.763184 -0.946916
-0.11353 -0.967787 -0.666913
0.0114271 -1.03753 -0.538773
0.289778 -1.15739 -0.297205
0.599831 -1.25215 -0.297419
0.903969 -1.33068 -0.243437
1.21336 -1.39719 -0.225973
1.53939 -1.4702 -0.232396
1.81841 -1.61486 -0.37034
1.94853 -1.67228 -0.291049
2.25844 -1.75968 -0.0521305
2.58398 -1.78565 -0.00761711
2.91518 -1.77932 -0.0322729
3.25182 -1.79734 -0.142854
3.58364 -1.85616 -0.448611
3.87155 -2.07965 -0.730138
4.08731 -2.3052 -0.947898
4.24018 -2.58954 -1.01138
4.41614 -2.85033 -1.04854
4.53851 -3.09064 -1.10888
4.62279 -3.30568 -1.41798
4.57137 -3.60876 -2.34217
4.39715 -3.67285 2.29375
4.39433 -3.55407 1.37805
4.44361 -3.37372 1.3496
4.51971 -3.07522 1.38664
4.57449 -2.77398 1.34399
4.69158 -2.45056 0.94638
4.95696 -2.20042 0.451752
5.27501 -2.10768 0.0578918
5.62424 -2.18425 -0.209854
5.79931 -2.21891 -0.195968
6.03398 -2.2133 -0.0722988
6.20583 -2.22734 0.179153
6.37653 -2.1953 0.350155
6.54004 -2.12983 0.571429
6.67269 -2.0324 0.814165
6.7791 -1.90592 1.02118
6.9525 -1.60938 1.10353
7.13178 -1.32265 0.579906
7.42958 -1.25074 0.0325006
7.67261 -1.25366 -0.177408
7.78572 -1.26951 -0.121503
7.88623 -1.27087 0.0630481
8.02156 -1.30439 0.378328
8.11998 -1.28046 0.679394
8.18615 -1.1941 0.976282
8.24689 -1.10801 1.2596
8.28054 -1.00216 1.579
8.27527 -0.895659 1.86168
8.23605 -0.79234 2.13342
8.16051 -0.693415 2.43285
7.98985 -0.5342 2.68328
7.69136 -0.431095 2.6474
7.39043 -0.209174 2.50482
7.12308 -0.010355 2.45929
6.86055 0.235419 2.51543
6.67086 0.41215 2.50088
6.48227 0.534334 2.3273
6.31827 0.772351 1.81708
6.33469 1.01317 1.26219
6.45578 1.25049 1.03984
6.59994 1.48934 1.02045
6.66533 1.60773 1.1079
6.72809 1.74296 1.29921
6.80053 1.87722 1.51894
6.78292 2.01059 1.7186
6.74941 2.14964 1.9123
6.64896 2.40566 2.01747
6.55352 2.6642 1.71017
6.55071 2.91575 1.31793
6.63336 3.18054 1.0531
6.81033 3.36634 0.299637
7.11992 3.40377 -0.205345
7.37711 3.34437 -0.289087
7.53352 3.29302 -0.327705
7.60078 3.26765 -0.217686
7.65656 3.20275 -0.0241164
7.71266 3.25121 0.200091
7.75205 3.2598 0.39485
7.82696 3.26642 0.600565
7.83777 3.27421 0.766295
7.84242 3.27887 0.933165
7.84271 3.27889 1.13304
7.8428 3.27866 1.37374
7.89264 3.27345 1.65967
7.89264 3.27384 1.92633
7.89252 3.27415 2.13285
7.89262 3.27382 2.33082
7.89276 3.27346 2.54094
7.89262 3.27329 2.74143
7.89189 3.27321 2.97408
7.88424 3.27242 -2.99999
7.86127 3.2646 -2.71228
7.8791 3.28715 -2.52742
7.7257 3.16721 -2.15852
7.60719 2.94044 -2.31357
7.36775 2.72308 -2.4245
7.28382 2.65068 -2.38864
7.10075 2.46486 -2.14536
6.95336 2.26372 -2.06525
6.81426 1.98213 -1.98726
6.68245 1.65577 -2.0744
6.45618 1.39936 -2.41352
6.20829 1.18025 -2.59035
5.88285 1.03932 -2.38845
5.76417 0.921092 -2.20053
5.66437 0.771628 -2.04279
5.59175 0.608348 -1.90619
5.50246 0.241068 -1.70441
5.469 -0.133126 -1.66414
5.43291 -0.526117 -1.70795
5.34607 -0.91515 -2.00414
5.15124 -1.24249 -2.3287
4.82162 -1.49849 -2.7638
4.4338 -1.54591 2.97381
4.1147 -1.44039 2.7171
3.95458 -1.37663 2.83037
3.7766 -1.32298 3.03762
3.58219 -1.30617 -3.05676
3.21537 -1.33102 -2.81752
2.84707 -1.47073 -2.74363
2.48039 -1.60928 -2.78373
2.09196 -1.71037 -3.03792
1.68164 -1.65517 2.88699
1.28265 -1.524 2.71675
0.907273 -1.29288 2.64441
0.532506 -1.08491 2.65665
0.150148 -0.895803 2.72938
-0.275786 -0.727128 2.74153
-0.655648 -0.568736 2.75585
-1.05405 -0.411685 2.79291
-1.44575 -0.229244 2.80716
-1.82641 -0.076766 2.76347
-2.19925 0.0888058 2.706
-2.54248 0.262356 2.53967
-2.85396 0.499784 2.30208
-3.13675 0.810525 2.04241
-3.25158 1.15687 1.71114
-3.26577 1.51679 1.27422
-3.11659 1.85839 1.01556
-2.88873 2.17944 0.881548
-2.65693 2.46906 0.87841
-2.40883 2.79041 1.02275
-2.31195 2.92936 1.14498
-1.98635 3.71659 2.01174
-2.062 3.85602 2.12587
-2.15895 3.99108 2.25878
-2.26547 4.10015 2.4071
-2.37605 4.2358 2.58338
-2.51292 4.29985 2.76585
-2.64983 4.33616 2.98078
-2.77665 4.35584 -3.08507
-2.90733 4.35617 -2.9504
-3.07463 4.34023 -2.77338
-3.17441 4.30268 -2.58242
-3.25802 4.25163 -2.38827
-3.30911 4.20331 -2.22408
-3.36294 4.1354 -2.04592
-3.39218 4.07808 -1.81351
-3.4541 4.03919 -1.58322
-3.46337 3.95957 -1.35693
-3.46637 3.94669 -1.08633
-3.47279 3.94543 -0.848535
-3.47916 3.94499 -0.599455
-3.48218 3.94267 -0.37988
-3.484 3.94087 -0.160995
-3.48028 3.89061 0.127099
-3.46089 3.89782 0.403718
-3.42447 3.92224 0.629311
-3.26258 4.06003 0.708782
-3.11012 4.17931 0.384853
-2.87938 4.24245 -0.137085
-2.63752 4.17439 -0.483597
-2.4196 4.00158 -0.84772
-2.23954 3.73789 -1.04326
-2.11218 3.44519 -1.4371
-2.13108 3.13417 -1.80625
-2.25659 2.83559 -2.11551
-2.45423 2.55645 -2.24381
-2.68975 2.26146 -2.25982
-2.94177 1.9672 -2.32297
-3.20235 1.70932 -2.45266
-3.48762 1.47731 -2.48797
-3.79627 1.26452 -2.60704
-4.16111 1.10099 -2.80968
-4.51753 0.997444 -3.07559
-4.86665 1.00292 2.94
-5.17305 1.15319 2.46698
-5.37853 1.36715 2.20653
-5.61169 1.69101 2.16303
-5.7967 2.0041 2.0995
-5.97212 2.36505 2.02775
-6.14384 2.69065 2.02077
-6.29947 3.06931 1.8551
-6.41693 3.4797 1.59312
-6.34743 3.88724 1.36403
-6.21356 4.2857 1.11954
-6.02064 4.65954 0.859289
-5.74565 4.94788 0.779118
-5.40851 5.256 0.731126
-5.01329 5.58542 0.737393
-4.82148 5.72117 0.739492
-4.48377 6.02635 0.758016
-4.10126 6.37934 0.781016
-3.95054 6.55235 0.773266
-3.59006 6.89567 0.784586
-3.24681 7.24072 0.795135
-2.91006 7.58449 0.790242
-2.56184 7.94081 0.824279
-2.16161 8.31354 0.820605
-1.81354 8.685 0.811322
-1.47342 9.04542 0.827432
-1.12901 9.42136 0.827395
-0.789825 9.79172 0.837101
-0.417146 10.1525 0.906348
-0.117811 10.5362 0.913882
0.19709 10.9443 0.930559
0.486808 11.3334 0.924422
0.777624 11.7183 0.919405
1.10968 12.0814 0.927257
1.39259 12.4377 0.882182
1.71686 12.748 0.647425
2.09729 13.0018 0.476783
2.43716 13.2054 0.692189
2.75523 13.4584 0.92252
2.86381 13.6219 1.04931
2.95268 13.808 1.16919
3.1107 14.2116 1.3179
3.21788 14.5224 1.11267
3.4233 14.8426 0.787423
3.7167 15.1288 0.537997
3.90934 15.1688 0.614618
4.05174 15.2637 0.732654
4.18978 15.427 0.931118
4.28279 15.5539 1.20486
4.32833 15.7032 1.45211
4.34045 15.8439 1.73106
4.30391 15.9716 2.0837
4.26355 16.0903 2.43758
4.16212 16.1712 2.80444
4.04889 16.2336 -3.08995
3.92381 16.2007 -2.78025
3.70911 16.0838 -2.41313
3.46681 15.8376 -2.16541
3.24926 15.5532 -2.1056
3.04211 15.2048 -2.11768
2.80195 14.81 -2.12226
2.54872 14.3992 -2.13837
2.27731 13.974 -2.14918
1.99582 13.5433 -2.15982
1.71939 13.13 -2.17269
1.43057 12.7525 -2.19209
1.0713 12.2842 -2.21354
0.76037 11.8693 -2.21518
0.456442 11.4631 -2.22224
0.114389 11.0494 -2.12372
-0.148551 10.6211 -2.10165
-0.39336 10.199 -2.07946
-0.641114 9.77135 -2.12272
-0.93798 9.39895 -2.36114
-1.3279 9.09617 -2.6694
-1.71428 8.92949 -3.0308
-2.22576 8.9737 2.94573
-2.64843 9.08356 2.84223
-3.058 9.24173 2.74497
-3.45838 9.43126 2.62646
-3.84538 9.70763 2.56017
-4.22211 9.98517 2.4261
-4.52005 10.2961 2.35611
-4.85078 10.6531 2.30423
-5.15233 10.9916 2.30335
-5.44962 11.3279 2.28303
-5.73515 11.7246 2.26629
-6.01599 12.0699 2.24957
-6.29453 12.4186 2.256
-6.57208 12.7595 2.27765
-6.84678 13.0845 2.27659
-7.12392 13.4141 2.28301
-7.63477 14.0799 2.24814
-7.88472 14.4094 2.168
-8.101 14.7476 2.10949
-8.28121 15.0827 2.03311
-8.4556 15.4415 1.82617
-8.53691 15.8307 1.81555
-8.61791 16.1517 1.8396
-8.72101 16.4618 1.9558
-8.81428 16.7981 2.12697
-9.0427 17.03 2.22883
-9.2499 17.276 2.39687
-9.51203 17.4878 2.60376
-9.66702 17.5696 2.73753
-9.83855 17.6854 2.85392
-10.1744 17.7803 2.9855
-10.5684 17.8185 -3.07206
-10.9688 17.7674 -2.8783
-11.3545 17.6609 -2.84616
-11.7432 17.5755 -2.76687
-12.1354 17.4149 -2.64278
-12.4929 17.2122 -2.51333
-12.8233 16.9536 -2.43089
-13.1399 16.6743 -2.38259
-13.4834 16.4103 -2.37758
-13.6505 16.2412 -2.37651
-13.9998 15.9584 -2.35024
-14.2447 15.6972 -2.3491
-14.5488 15.3873 -2.33128
-14.873 15.0764 -2.25475
-15.1479 14.7394 -2.25452
-15.4727 14.3891 -2.244
-15.7347 14.0601 -2.24584
-16.0032 13.727 -2.26286
-16.2853 13.4234 -2.33702
-16.5849 13.1438 -2.36362
-16.922 12.8416 -2.45739
-17.3423 12.5519 -2.45672
-17.6549 12.2919 -2.45589
-18.0604 12.003 -2.44603
-18.42 11.7069 -2.44837
-18.8352 11.3674 -2.4337
-19.1222 11.118 -2.4295
-19.5209 10.8043 -2.37454
-19.8685 10.4692 -2.34337
-20.1976 10.1322 -2.34621
-20.5383 9.82771 -2.34941
-20.8889 9.46699 -2.33786
-21.221 9.12722 -2.37845
-21.6337 8.79707 -2.45011
-21.811 8.64851 -2.45717
-22.1606 8.36548 -2.46047
-22.5696 8.03776 -2.4766
-22.7315 7.95645 -2.47466
-23.1294 7.64356 -2.47279
-23.5829 7.28476 -2.48098
-23.9582 7.0211 -2.41172
-24.3349 6.68173 -2.40787
-24.7677 6.2876 -2.3845
-25.1316 5.94462 -2.37516
-25.498 5.59423 -2.38233
-25.8633 5.25142 -2.41882
-26.2397 4.92276 -2.44669
-26.6813 4.60649 -2.51225
-27.093 4.30903 -2.52737
-27.5033 4.03067 -2.58564
-27.9781 3.7729 -2.58727
-28.4083 3.50654 -2.58758
-28.8203 3.25189 -2.5968
-29.2333 2.9915 -2.55202
-29.5923 2.73105 -2.40686
-29.9433 2.39934 -2.17655
-30.0773 2.21405 -2.00496
-30.2112 2.01081 -1.79268
-30.2552 1.77447 -1.59385
-30.2542 1.55422 -1.40855
-30.2609 1.35607 -1.24073
-30.177 1.14654 -1.09507
-30.0623 0.957893 -0.948254
-29.8279 0.560618 -0.810789
-29.4563 0.24356 -0.582451
-29.04 0.0277944 -0.350947
-28.5911 -0.109099 -0.146092
-28.0903 -0.183226 0.0932047
-27.9018 -0.126687 0.213679
-27.4389 -0.0176156 0.427505
-26.9515 0.178607 0.506967
-26.5212 0.367054 0.502317
-26.0532 0.600077 0.336316
-25.5231 0.697922 0.107506
-25.0433 0.709945 -0.17499
-24.5596 0.568542 -0.498837
-24.1761 0.252535 -0.714738
-23.8372 -0.107236 -0.805529
-23.6339 -0.304341 -0.839255
-23.3294 -0.703743 -0.89448
-22.9622 -1.15861 -0.91809
-22.6939 -1.57427 -0.97527
-22.3348 -2.02792 -1.01525
-22.0896 -2.48612 -1.03765
-21.79 -2.98415 -1.11844
-21.5855 -3.43659 -0.99204
-21.23 -3.87182 -0.880252
-20.9006 -4.30769 -0.838331
-20.5427 -4.69531 -0.740446
-20.1665 -5.06369 -0.851529
-19.8355 -5.50376 -0.904598
-19.5191 -5.92175 -0.971657
-19.2314 -6.35274 -1.01683
-19.0304 -6.83059 -1.11551
-18.8296 -7.30574 -1.33249
-18.7373 -7.85378 -1.46319
-18.7409 -8.31864 -1.62931
-18.7909 -8.84592 -1.90468
-18.9581 -9.27368 -2.09627
-19.2039 -9.64383 -2.27524
-19.539 -9.9698 -2.51021
-19.9073 -10.2109 -2.6275
-20.3109 -10.4074 -2.73392
-20.601 -10.5083 -2.85597
-20.883 -10.5786 -2.9383
-21.1847 -10.6431 -3.0622
-21.4492 -10.6274 -3.03534
-21.7541 -10.6599 -3.02057
-22.0701 -10.6855 -3.02123
-22.3999 -10.7356 -3.05694
-22.744 -10.7457 3.11295
-23.1183 -10.717 3.02199
-23.5436 -10.664 3.00049
-24.5977 -10.6666 -2.84324
-24.8844 -10.7245 -2.67131
-25.0334 -10.814 -2.45809
-25.2558 -10.9777 -2.28465
-25.5822 -11.3646 -2.1201
-25.837 -11.7974 -2.06617
-26.0783 -12.2481 -2.05998
-26.327 -12.6896 -2.12375
-26.6211 -13.1109 -2.25489
-27.001 -13.4607 -2.50846
-27.3912 -13.677 -2.82331
-27.7894 -13.8265 -2.79876
-27.9519 -13.908 -2.58579
-28.1292 -13.9673 -2.32914
-28.2337 -14.1213 -2.11627
-28.3234 -14.2607 -1.8975
-28.4146 -14.4897 -1.71618
-28.3942 -14.6615 -1.6226
-28.4326 -15.1971 -1.65992
-28.4919 -15.7169 -1.76904
-28.6206 -16.2288 -1.8864
-28.801 -16.7119 -1.90205
-29.0019 -17.1836 -1.90259
-29.1028 -17.5053 -1.93806
-29.2887 -17.9497 -1.96849
-29.5034 -18.4945 -1.96357
-29.7559 -18.9721 -1.97053
-29.9654 -19.4688 -1.96871
-30.1719 -19.9603 -1.97226
-30.4316 -20.4812 -1.95106
-30.6289 -20.9732 -1.95045
-30.8259 -21.4689 -1.95715
-31.0235 -21.9605 -1.95218
-31.2252 -22.469 -1.87288
-31.3775 -22.9623 -1.87122
-31.53 -23.4598 -1.83219
-31.6592 -23.948 -1.80979
-31.8124 -24.4299 -1.99838
-32.0682 -24.8381 -2.32918
-32.431 -25.1388 -2.3482
-32.5898 -25.2961 -2.20691
-32.7232 -25.519 -2.06183
-32.8195 -25.7055 -1.89054
-32.8781 -25.9096 -1.72093
-32.8898 -26.1012 -1.47725
-32.9073 -26.3255 -1.17215
-32.8088 -26.4839 -0.830828
-32.6792 -26.6296 -0.474945
-32.5306 -26.7173 -0.120422
-32.3676 -26.6931 0.167749
-32.2182 -26.6684 0.47032
-32.0832 -26.5979 0.774042
-31.9671 -26.4799 1.02322
-31.7999 -26.1866 1.21091
-31.6733 -25.8594 1.26621
-31.617 -25.6396 1.33339
-31.5145 -25.1867 1.4913
-31.479 -24.7195 1.48259
-31.3744 -24.1526 1.47646
-31.3441 -23.638 1.37202
-31.1685 -23.1084 1.24339
-31.0028 -22.6638 1.18995
-30.748 -22.155 1.12196
-30.5162 -21.6792 1.09679
-30.2755 -21.2125 1.10107
-30.0491 -20.8039 1.11308
-29.7553 -20.2395 1.1276
-29.5337 -19.8096 1.14922
-29.3229 -19.3408 1.16434
-29.1218 -18.9053 1.17562
-28.8559 -18.3243 1.19905
-28.6797 -17.8946 1.23949
-28.5179 -17.3901 1.31145
-28.3266 -16.8368 1.32999
-28.203 -16.335 1.33029
-28.0713 -15.8242 1.33654
-27.9306 -15.3157 1.24161
-27.7033 -14.8296 1.20605
-27.5106 -14.3544 1.14668
-27.2749 -13.8493 1.0902
-27.0343 -13.4359 1.05781
-26.7749 -12.9955 0.993841
-26.4303 -12.5146 1.00039
-26.1498 -12.0744 1.01673
-25.8287 -11.5906 1.08692
-25.5928 -11.1729 1.13904
-25.3987 -10.6409 1.29585
-25.2482 -10.1534 1.45518
-25.2353 -9.88689 1.55553
-25.2935 -9.33079 1.82442
-25.4239 -8.8534 2.01584
-25.6504 -8.42059 2.10031
-25.8629 -8.01257 1.89532
-25.9133 -7.61176 1.56906
-25.8846 -7.21433 1.2765
-25.7123 -6.82331 0.851643
-25.4028 -6.55177 0.490321
-25.0089 -6.41724 0.377494
-24.5618 -6.24295 0.33675
-24.0741 -6.10718 0.36176
-23.6438 -5.91798 0.58592
-23.4661 -5.76332 0.740779
-23.3152 -5.5713 0.946834
-23.1013 -5.14489 1.43159
-23.0773 -4.70336 1.8156
-23.2356 -4.30371 1.93167
-23.3289 -3.90748 1.62112
-23.2876 -3.49208 1.20411
-23.0941 -3.1445 0.987341
-22.8325 -2.76873 1.08535
-22.6868 -2.61838 1.29769
-22.6245 -2.41619 1.52702
-22.6321 -2.20467 1.68098
-22.7371 -1.73739 1.89429
-22.8056 -1.51273 1.90952
-22.8698 -1.28188 2.00776
-22.9743 -1.06943 2.23471
-23.1202 -0.886592 2.47651
-23.3055 -0.706801 2.71669
-23.5051 -0.637292 2.96626
-23.7522 -0.616863 -3.06019
-24.1421 -0.656676 -2.91841
-24.5428 -0.727465 -3.10707
-24.9695 -0.722855 2.97348
-25.3869 -0.643448 2.86643
-25.8232 -0.481261 2.68607
-26.2587 -0.220933 2.52735
-26.6575 0.0819606 2.35893
-27.0108 0.463458 2.17653
-27.2964 0.904078 2.06713
-27.5356 1.38589 1.85647
-27.5717 1.94028 1.68183
-27.6162 2.46669 1.55605
-27.5701 3.03071 1.31488
-27.4134 3.4738 1.11259
-27.1384 3.91939 0.886882
-26.7674 4.30707 0.756062
-26.3846 4.66993 0.760937
-26.0042 5.03277 0.7828
-25.5773 5.43299 0.745652
-25.1981 5.74029 0.763536
-24.8185 6.10331 0.753414
-24.4377 6.46163 0.752298
-24.0109 6.85197 0.768959
-23.6539 7.16202 0.820786
-23.2893 7.55051 0.964876
-23.0059 7.96648 1.01201
-22.8732 8.19166 1.15458
-22.7309 8.41986 1.31662
-22.6817 8.66876 1.49825
-22.6805 8.93203 1.6719
-22.676 9.17273 1.83784
-22.7578 9.45708 2.01072
-22.9951 9.92002 2.2717
-23.3351 10.3137 2.39733
-23.7119 10.6548 2.4589
-24.1101 10.986 2.44018
-24.4737 11.3529 2.27641
-24.7808 11.7482 2.14937
-25.052 12.2237 2.08429
-25.2823 12.6729 2.08445
-25.4023 12.9021 2.08076
-25.6431 13.3053 2.15582
-25.9017 13.6723 2.23406
-25.9973 13.8535 2.4036
-26.1549 13.9862 2.58449
-26.3404 14.1001 2.80784
-26.5742 14.1604 2.98957
-26.9566 14.208 3.10651
-27.3244 14.2332 2.90966
-27.6629 14.382 2.47571
-27.8503 14.6456 1.78118
-27.8538 14.9954 1.18187
-27.6783 15.1992 0.775145
-27.395 15.4207 0.617331
-27.1025 15.6267 0.623605
-26.7703 15.8579 0.572338
-26.3704 16.0649 0.511723
-25.986 16.2945 0.569129
-25.6425 16.5569 0.609616
-25.2766 16.8438 0.75019
-24.936 17.1625 1.0139
-24.8301 17.355 1.13808
-24.7165 17.5423 1.32733
-24.6957 17.7527 1.55494
-24.7009 17.9842 1.79162
-24.776 18.1773 2.01772
-24.9842 18.5709 2.22272
-25.2822 18.8873 2.30032
-25.5862 19.2306 2.31007
-25.8748 19.6337 2.25595
-26.1603 19.9812 2.23982
-26.4269 20.3158 2.24532
-26.686 20.6404 2.24542
-26.9114 20.9917 2.22768
-27.1436 21.3028 2.18303
-27.3696 21.625 2.14911
-27.5678 21.9513 2.06183
-27.7251 22.3131 2.04534
-27.8972 22.5914 2.21259
-28.1117 22.8249 2.10775
-28.1989 23.0876 1.68999
-28.1849 23.2884 1.17744
-28.035 23.4838 0.280091
-27.8459 23.4576 -0.969921
-27.785 23.2489 -1.64845
-27.842 23.0814 -1.67624
-27.8612 22.9361 -1.56874
-27.8535 22.8322 -1.406
-27.8265 22.6755 -1.23891
-27.7658 22.5091 -1.05622
-27.5616 22.195 -0.815184
-27.4122 22.0497 -0.694302
-27.0639 21.8289 -0.339718
-26.652 21.7343 0.00942481
-26.4472 21.7128 0.296267
-26.2324 21.7805 0.536858
-26.0326 21.9066 0.749437
-25.7383 22.1855 0.94759
-25.4195 22.607 0.989727
-25.187 22.9693 1.06388
-24.952 23.4211 1.05907
-24.6965 23.7881 1.07059
-24.4794 24.1378 0.949989
-24.2349 24.4289 0.58425
-23.8069 24.5491 0.159953
-23.4991 24.5986 -0.195602
-23.0812 24.4435 -0.384576
-22.6558 24.2823 -0.345559
-22.1952 24.1075 -0.38743
-21.7451 23.9053 -0.49778
-21.3785 23.6014 -0.703318
-20.9963 23.273 -1.03218
-20.7983 22.8162 -1.34571
-20.7464 22.3361 -1.58082
-20.7855 21.8218 -1.80568
-20.8555 21.5613 -1.86213
-20.9987 21.1048 -1.89431
-21.2175 20.6695 -2.04691
-21.4864 20.2568 -2.21635
-21.7934 19.8697 -2.3469
-22.1828 19.516 -2.50885
-22.4209 19.3852 -2.50534
-22.8351 19.0981 -2.56826
-23.2699 18.8401 -2.64616
-23.7385 18.6157 -2.59095
-23.9406 18.49 -2.4679
-24.1258 18.3376 -2.32148
-24.2839 18.1939 -2.10316
-24.3706 18.0142 -1.84595
-24.4041 17.7876 -1.56406
-24.4194 17.633 -1.19897
-24.3376 17.4462 -0.839331
-24.2381 17.3677 -0.518326
-24.1085 17.2869 -0.223136
-23.9476 17.2532 0.0927487
-23.7812 17.277 0.39997
-23.6158 17.3551 0.630937
-23.2935 17.5716 0.792049
-22.9779 17.9181 0.882775
-22.6625 18.2683 0.962227
-22.3706 18.7348 1.00016
-22.0951 19.1792 1.05781
-21.8309 19.621 1.10978
-21.6105 20.1322 1.18625
-21.4187 20.6191 1.27622
-21.2668 21.1238 1.30817
-21.1354 21.6168 1.30456
-20.9721 22.1143 1.40561
-20.8788 22.6433 1.3516
-20.7294 23.1655 1.17596
-20.5046 23.6304 0.999608
-20.187 24.0385 0.766866
-19.8171 24.3954 0.743989
-19.3816 24.7413 0.740575
-18.9977 25.0927 0.734688
-18.6159 25.43 0.724758
-18.2352 25.7705 0.717028
-18.0418 25.9522 0.751238
-17.8548 26.1232 0.858432
-17.5421 26.5265 1.1089
-17.3916 26.7791 1.24298
-17.2338 27.5147 1.42749
-17.2077 27.7318 1.40008
-17.1034 28.1839 1.07583
-16.8276 28.5369 0.695712
-16.4211 28.7635 0.307338
-16.0225 28.8426 0.0622692
-15.7716 28.8764 0.0873193
-15.5461 28.8706 0.252458
-15.1336 29.0489 0.483538
-14.9077 29.161 0.483825
-14.5324 29.3378 0.359246
-14.1079 29.4167 0.0332261
-13.7361 29.3663 -0.408911
-13.3623 29.1677 -0.403471
-13.2261 29.1036 -0.272328
-12.8732 29.0231 -0.0459883
-12.484 29.0266 0.0640503
-12.0983 29.0281 0.190185
-11.7076 29.1283 0.274013
-11.2995 29.2229 0.328994
-10.9289 29.359 0.46171
-10.5608 29.5716 0.621223
-10.2546 29.8295 0.747474
-10.0765 29.9763 0.913979
-9.96001 30.1251 1.12469
-9.82022 30.4876 1.52046
-9.82824 30.8472 1.78974
-9.9284 31.21 1.93828
-10.0716 31.5354 2.05694
-10.1611 31.6991 2.17005
-10.2555 31.8385 2.34925
-10.3743 31.9549 2.56181
-10.5062 32.0318 2.8034
-10.6578 32.0767 3.04996
-10.8527 32.0912 -2.98651
-10.9777 32.0841 -2.77466
-11.115 31.9959 -2.53937
-11.2248 31.8854 -2.27108
-11.3275 31.7709 -2.02454
-11.389 31.6772 -1.82739
-11.4299 31.513 -1.57484
-11.4373 31.3055 -1.37527
-11.3994 31.1488 -1.21248
-11.329 30.9874 -1.05543
-11.1414 30.6705 -0.989243
-10.9359 30.3105 -1.14239
-10.8237 29.9243 -1.34103
-10.7765 29.4997 -1.38362
-10.7493 29.0669 -1.42908
-10.68 28.6015 -1.41916
-10.6449 28.1615 -1.26065
-10.4969 27.7257 -1.31471
-10.4389 27.2878 -1.47851
-10.4027 26.8464 -1.50615
-10.4004 26.4046 -1.45308
-10.3918 26.2002 -1.38113
-10.3073 25.7663 -1.17752
-10.2272 25.587 -1.07431
-10.1354 25.4347 -0.956108
-9.92505 25.1329 -0.709357
-9.80212 25.0428 -0.580813
-9.68314 24.9871 -0.464989
-9.40154 24.8548 -0.290893
-9.13456 24.7627 -0.398482
-8.90338 24.5935 -0.557174
-8.68168 24.4344 -0.687071
-8.49121 24.2535 -0.814647
-8.32873 24.0316 -0.908295
-8.13802 23.7804 -0.968617
-7.96232 23.4943 -1.05977
-7.85959 23.1904 -1.1852
-7.72915 22.8555 -1.24934
-7.62425 22.4915 -1.38714
-7.56375 22.0976 -1.57363
-7.62358 21.7357 -1.63656
-7.70453 21.367 -1.9126
-7.90315 21.0294 -2.20402
-8.13492 20.7201 -2.25779
-8.40154 20.4203 -2.318
-8.71664 20.1088 -2.18661
-8.80768 19.9574 -2.09638
-8.90619 19.751 -1.9258
-9.03866 19.3393 -1.72864
-9.06466 19.1306 -1.6349
-9.10769 18.9439 -1.51049
-9.07784 18.7542 -1.32378
-9.031 18.5341 -1.07335
-8.9099 18.4003 -0.865683
-8.80688 18.2716 -0.649656
-8.68196 18.1736 -0.438784
-8.38925 18.0866 -0.328289
-8.11855 17.9191 -0.554521
-7.86004 17.7666 -0.803953
-7.67102 17.4899 -1.1039
-7.54714 17.1247 -1.34762
-7.5382 16.7941 -1.59835
-7.55333 16.4654 -1.70037
-7.64753 16.1512 -1.72916
-7.69803 15.7828 -1.71471
-7.74901 15.3932 -1.5154
-7.73446 15.1845 -1.36701
-7.66773 14.9783 -1.23039
-7.55395 14.5871 -1.06
-7.30706 14.201 -0.91689
-6.9984 13.8252 -0.861379
-6.69156 13.3905 -0.955917
-6.40815 12.9794 -1.01445
-6.14249 12.5416 -1.08125
-5.9183 12.0548 -1.06514
-5.68945 11.619 -0.966966
-5.39464 11.2107 -0.856397
-5.04242 10.8394 -0.745728
-4.66267 10.4917 -0.72745
-4.30095 10.1526 -0.818904
-3.96897 9.724 -0.902825
-3.66848 9.30692 -0.982563
-3.43329 8.87407 -1.15887
-3.25161 8.37097 -1.47864
-3.28665 7.87922 -1.89619
-3.53532 7.44946 -2.18216
-3.67941 7.22009 -2.21212
-3.98355 6.81481 -2.31344
-4.19956 6.60195 -2.37898
-4.56553 6.25463 -2.38445
-4.94601 5.89773 -2.41052
-5.37645 5.55976 -2.45113
-5.77165 5.23537 -2.45018
-6.17172 4.91769 -2.45376
-6.59436 4.58724 -2.51169
-7.01086 4.29102 -2.54957
-7.45179 4.02086 -2.71689
-7.95395 3.79584 -2.9192
-8.46652 3.73885 3.12667
-8.95228 3.80915 2.77158
-9.42101 4.02038 2.4924
-9.80532 4.41164 2.28847
-10.1719 4.86346 2.23962
-10.4952 5.27637 2.22031
-10.7331 5.62196 2.23306
-11.1297 6.09892 2.25145
-11.459 6.51021 2.23382
-11.7883 6.90204 2.25767
-12.097 7.34316 2.2797
-12.403 7.67813 2.27624
-12.7771 8.13967 2.28917
-13.1112 8.52424 2.29173
-13.4466 8.91588 2.28186
-13.7862 9.30996 2.2667
-14.108 9.69947 2.24878
-14.425 10.0993 2.2298
-14.7372 10.5021 2.2257
-15.0425 10.906 2.21068
-15.3649 11.3503 2.22978
-15.6828 11.7196 2.41236
-16.0295 12.026 2.61621
-16.2619 12.1646 2.71908
-16.6997 12.3236 2.86738
-17.1564 12.4618 2.9954
-17.5352 12.4912 -3.03965
-17.7399 12.4431 -2.88376
-17.8926 12.3926 -2.70466
-18.1422 12.257 -2.50414
-18.3793 12.0896 -2.46714
-18.5996 11.9073 -2.39941
-18.8266 11.6822 -2.25931
-18.9849 11.3167 -1.06058
-18.9011 11.2942 -0.752077
-18.8042 11.2735 -0.437809
-18.814 11.2196 -0.0855122
-18.7025 11.236 0.313612
-18.5896 11.2982 0.611244
-18.5249 11.3544 0.742072
-18.3788 11.4888 0.891163
-18.2008 11.7222 0.870641
-17.9617 12.03 0.698929
-17.5749 12.2332 0.31795
-16.9222 12.283 -0.232241
-16.491 12.12 -0.563036
-16.0708 11.7978 -0.732017
-15.8867 11.6034 -0.779403
-15.5139 11.2297 -0.823861
-15.1802 10.7962 -0.848861
-14.8288 10.3986 -0.856923
-14.4934 9.94895 -0.835588
-14.1669 9.56424 -0.838644
-13.9819 9.38681 -0.831801
-13.5878 8.94414 -0.831741
-13.2771 8.56305 -0.830374
-12.917 8.17396 -0.81287
-12.575 7.75077 -0.825878
-12.2306 7.31297 -0.84358
-11.8813 6.92125 -0.854173
-11.536 6.52281 -0.883091
-11.2186 6.07468 -0.8654
-10.8766 5.67329 -0.887403
-10.5423 5.26735 -0.876746
-10.2155 4.83993 -0.811579
-9.83764 4.46657 -0.727598
-9.4375 4.09394 -0.529698
-8.97498 3.86926 -0.324522
-8.47651 3.71047 -0.284962
-7.96998 3.57058 -0.295526
-7.45277 3.35323 -0.424442
-6.97978 3.11726 -0.607062
-6.55572 2.80814 -0.662814
-6.18798 2.46767 -0.811971
-5.83505 2.0777 -0.931986
-5.53129 1.60921 -0.919953
-5.19575 1.20043 -0.703047
-5.01034 1.02887 -0.529078
-4.79253 0.907629 -0.395859
-4.31238 0.726514 -0.339851
-3.85129 0.549155 -0.427742
-3.41064 0.280033 -0.609306
-3.00171 -0.029864 -0.891956
-2.72675 -0.451105 -1.11495
-2.5332 -0.95537 -1.39123
-2.51586 -1.43663 -1.64097
-2.57177 -1.94328 -1.76097
-2.70404 -2.42764 -1.95601
-2.9324 -2.94319 -2.01037
-3.13745 -3.39532 -2.03905
-3.2702 -3.63861 -2.03664
-3.49653 -4.1 -2.01795
-3.73762 -4.55181 -1.89512
-3.80919 -4.80515 -1.83062
-3.9272 -5.2981 -1.64313
-3.95851 -5.60395 -1.48567
-3.87778 -6.08251 -1.34278
-3.78843 -6.59786 -1.12038
-3.66248 -6.80981 -0.911137
-3.4849 -6.99928 -0.721809
-3.3019 -7.18865 -0.55604
-3.09086 -7.26998 -0.419889
-2.86669 -7.37256 -0.25701
-2.36908 -7.4784 0.0555047
-1.93017 -7.39947 0.137177
-1.55776 -7.39975 -0.0445339
-1.29397 -7.41926 -0.432313
-1.13658 -7.58632 -1.00583
-1.08174 -7.86742 -2.14257
-1.24125 -8.03152 -2.62946
-1.49791 -8.1158 -2.75118
-1.8064 -8.22119 -2.97684
-2.13808 -8.21258 3.03083
-2.50853 -8.17228 3.03342
-2.8735 -8.15522 -3.13981
-3.2203 -8.13666 -3.09867
-3.47697 -8.09643 2.49576
-3.62796 -7.87901 1.96999
-3.72438 -7.57213 1.99933
-3.85588 -7.2931 2.0437
-4.01493 -6.99598 2.15886
-4.24785 -6.68189 2.38173
-4.39423 -6.55138 2.5045
-4.56606 -6.43839 2.67803
-4.7519 -6.36504 2.87631
-4.95317 -6.2852 3.09926
-5.16286 -6.30901 -2.95749
-5.58087 -6.45893 -2.76925
-6.00252 -6.65026 -2.58485
-6.40931 -6.91709 -2.47438
-6.82426 -7.1753 -2.4067
-6.99523 -7.3505 -2.34378
-7.32178 -7.70583 -2.05977
-7.51044 -8.09937 -1.8708
-7.6592 -8.47727 -1.74149
-7.70843 -8.87908 -1.5735
-7.70579 -9.28 -1.57178
-7.70884 -9.49037 -1.44814
-7.64418 -9.87867 -1.18777
-7.50739 -10.2431 -1.2063
-7.41001 -10.6203 -1.4064
-7.38108 -10.9442 -1.84851
-7.51785 -11.1612 -2.37396
-7.70037 -11.2973 2.88149
-7.79648 -11.1711 1.26616
-7.72076 -10.9212 1.3042
-7.66864 -10.6495 1.43856
-7.66819 -10.3904 1.63392
-7.6885 -10.0648 1.71964
-7.73358 -9.71405 1.69086
-7.77888 -9.41527 1.55343
-7.74944 -9.07197 1.49532
-7.69697 -8.77355 1.6074
-7.7435 -8.44305 1.71784
-7.78119 -8.28983 1.84956
-7.86963 -8.03317 2.09234
-7.94153 -7.79322 1.9451
-8.00193 -7.53861 1.30586
-7.91396 -7.33066 0.487615
-7.69373 -7.25311 0.443028
-7.42058 -7.15198 0.54349
-7.18036 -7.04258 0.554874
-6.88488 -6.85859 0.574298
-6.55863 -6.64453 0.605381
-6.18917 -6.37858 0.657413
-5.78851 -6.06941 0.650546
-5.38431 -5.75911 0.669529
-4.9792 -5.42528 0.755659
-4.55704 -5.077 0.848367
-4.23647 -4.67763 0.979024
-3.9576 -4.23598 1.05004
-3.7004 -3.78329 1.08908
-3.45035 -3.28605 1.102
-3.16865 -2.84075 1.08092
-2.9648 -2.36993 1.00955
-2.65148 -1.96592 0.929646
-2.2801 -1.5902 0.651752
-1.86801 -1.31109 0.437575
-1.38631 -1.16374 0.170748
-0.884464 -1.10109 -0.126286
-0.376869 -1.17118 -0.220593
0.13228 -1.34127 -0.333526
0.593544 -1.50481 -0.346009
1.07438 -1.66763 -0.237532
1.30711 -1.72356 -0.154397
1.802 -1.79539 0.0902232
2.01261 -1.79715 0.21148
2.23702 -1.73201 0.325051
2.61768 -1.58738 0.511777
3.01397 -1.40805 0.450015
3.39434 -1.27073 0.181755
3.75675 -1.23969 -0.170908
4.09122 -1.37165 -0.61447
4.33049 -1.60071 -1.09913
4.40431 -1.87166 -1.67596
4.31061 -2.09236 -2.33323
4.12308 -2.23251 -3.02639
3.88491 -2.17075 2.46166
3.66137 -1.97671 2.40134
3.52126 -1.83504 2.61055
3.36808 -1.73324 2.84571
3.15467 -1.66705 3.08691
2.95847 -1.66618 -2.93589
2.5564 -1.74733 -2.82795
2.12405 -1.82941 3.04974
1.7365 -1.68473 2.62903
1.35885 -1.42296 2.26897
1.12739 -1.09331 2.00087
0.9783 -0.71608 2.08322
0.909958 -0.568519 2.26526
0.803006 -0.484441 2.57135
0.736908 -0.422885 2.95624
0.704273 -0.425666 -3.04954
0.653939 -0.410106 -2.81487
