0 0 0
2.03934 0.003006 0.014452
4.26624 0.0583997 0.041251
6.42092 0.110999 -0.016416
8.61764 0.065106 -0.013665
10.9221 -0.26976 -0.401822
12.8107 -1.37354 -1.05006
12.8126 -3.26612 -1.71873
12.4914 -5.03467 -1.77427
12.2035 -7.05249 -1.63581
11.9814 -9.30669 -1.70103
11.6094 -11.6864 -1.70958
11.4691 -14.0825 -1.64157
11.216 -16.6031 -1.69095
10.8406 -19.0227 -1.75573
10.5378 -21.4501 -1.69397
10.2001 -24.001 -1.7217
9.75986 -26.4073 -1.78363
9.1865 -28.7721 -1.82867
8.60021 -31.1493 -1.82325
8.2025 -33.6872 -1.62195
7.9738 -36.2495 -1.72069
7.39067 -38.747 -1.84503
6.67069 -41.0881 -1.88219
6.00831 -43.5709 -1.76943
5.47215 -45.9666 -1.80248
4.84233 -48.3234 -1.8356
3.07009 -49.4927 3.05071
0.72635 -48.8282 2.86967
-1.74878 -48.1071 2.8554
-3.96824 -47.4184 2.88029
-6.07708 -47.9625 -1.94296
-6.70795 -50.4542 -1.75527
-7.57038 -52.7242 -2.00038
-8.24737 -55.1845 -1.53762
-8.79275 -57.6875 -1.83109
-9.08713 -60.1911 -1.17815
-7.12205 -61.4669 -0.029673
-4.55489 -61.5923 -0.246036
-2.06036 -62.2333 -0.264317
0.308107 -62.8426 -0.266939
2.775 -63.5573 -0.282277
5.12238 -64.2307 -0.302057
7.58211 -64.9751 -0.263903
10.061 -65.6987 -0.272616
11.7768 -64.6576 1.28081
12.502 -62.1936 1.31828
13.1852 -59.7106 1.29218
13.8961 -57.3714 1.25815
14.6993 -54.9246 1.26858
14.1828 -52.9546 2.45104
12.0455 -52.3128 2.94032
9.7104 -51.7244 2.85436
7.5636 -50.9903 2.77257
5.77944 -50.0518 1.2953
4.70007 -50.1641 -2.90716
2.85148 -49.5997 2.72479
0.853904 -48.6178 2.64767
-1.13496 -47.6089 2.66041
-3.20468 -46.7603 2.74554
-5.33586 -45.7894 2.75784
-7.31172 -44.842 2.48931
-8.42356 -43.3762 1.86288
-9.22469 -41.5901 2.06659
-10.4256 -40.1391 2.32719
-11.9302 -38.4762 2.30712
-13.5374 -36.9372 2.37364
-15.1373 -35.3056 2.33732
-16.3895 -33.8936 2.22649
-16.1102 -32.1729 0.767771
-14.4694 -30.6871 0.70303
-12.6629 -29.1881 0.718024
-11.006 -27.8173 0.666585
-9.41246 -26.5162 0.718751
-8.84125 -24.7658 2.00642
-10.1295 -23.0467 2.31704
-11.6853 -21.2923 2.28099
-13.1475 -19.5506 2.30256
-14.6807 -17.865 2.31557
-16.2676 -16.0674 2.27896
-17.7938 -14.2007 2.24151
-19.1691 -12.381 2.20468
-20.6111 -10.4667 2.22597
-21.9638 -8.62917 2.1949
-23.3116 -6.50476 1.99694
-24.583 -4.47958 2.26937
-26.0989 -2.61557 2.251
-27.5769 -0.72704 2.23275
-29.0656 1.30509 2.19576
-30.3492 3.34197 2.104
-31.5828 5.3996 2.2206
-33.007 7.32829 2.20634
-34.2548 9.23923 2.1265
-35.4434 11.3278 2.10092
-36.6324 13.2645 2.21676
-38.0568 15.2079 2.20503
-39.343 17.2331 2.10493
-40.6016 19.4165 2.09121
-42.2801 20.5592 -2.61791
-44.3475 19.3505 -2.58766
-46.3799 18.0603 -2.56781
-48.3817 16.732 -2.52834
-50.2829 15.472 -2.54214
-52.3297 14.2402 -2.6352
-54.42 13.0422 -2.5873
-55.1876 11.0667 -1.25975
-54.2003 8.7553 -1.12246
-52.9245 6.72328 -0.983682
-51.5657 4.60238 -1.00763
-50.3641 2.52651 -1.09006
-49.3748 0.426587 -1.13592
-48.396 -1.72461 -1.13196
-47.3285 -4.00818 -1.12215
-46.2674 -6.16402 -1.10538
-45.2863 -8.2135 -1.1496
-44.297 -10.4054 -1.12755
-43.3779 -12.629 -1.18107
-42.4781 -14.8464 -1.17414
-41.5405 -17.0662 -1.14858
-40.7936 -19.4721 -1.27026
-40.0487 -21.7547 -1.2014
-39.1384 -23.9773 -1.15362
-38.246 -26.0747 -1.1564
-37.3855 -28.3116 -1.20375
-36.6184 -30.4583 -1.2367
-35.8007 -32.7149 -1.20494
-34.9077 -34.9517 -1.17873
-34.2217 -37.1239 -1.27563
-33.3746 -39.2128 -0.653414
-31.1534 -38.7467 0.411061
-28.8846 -37.9656 0.283625
-26.5545 -37.3813 0.211785
-24.3281 -36.8792 0.229824
-22.216 -36.4367 0.200826
-19.7581 -35.8796 0.282164
-17.9266 -34.5366 1.53036
-18.3884 -32.1895 1.8468
-19.0294 -29.7112 1.81131
-19.58 -27.1914 1.76548
-20.0156 -24.6604 1.72018
-20.5044 -22.1288 1.74807
-20.9304 -19.7235 1.74881
-21.4204 -17.1983 1.74845
-21.8351 -14.787 1.7391
-22.1985 -12.3727 1.70828
-22.6929 -9.84936 1.74618
-23.0845 -7.30645 1.71129
-23.3996 -4.88542 1.72186
-23.7527 -2.3367 1.69734
-24.2209 0.181601 1.8298
-24.6742 2.72422 1.73042
-24.9986 5.28022 1.67666
-25.214 7.70697 1.64988
-25.4015 10.2737 1.67321
-25.7943 12.7248 1.71405
-26.1105 15.2416 1.68884
-26.3515 17.7982 1.63815
-26.4926 20.2403 1.6285
-26.5965 22.6771 1.60648
-26.651 25.255 1.58545
-26.7825 27.8204 1.67016
-26.9876 30.2554 1.6508
-27.161 32.8265 1.63373
-27.2783 35.3922 1.60795
-27.3498 37.9724 1.60392
-27.3955 40.5482 1.58318
-27.3992 42.9823 1.56119
-27.3894 45.5598 1.58494
-27.3904 48.0027 1.57089
-27.3519 50.5803 1.54794
-27.2679 53.1469 1.53376
-27.2863 55.5877 1.66005
-27.5476 58.1455 1.60568
-27.4724 60.6297 1.52712
-27.324 63.1587 1.5101
-27.0559 65.5885 1.36128
-26.8909 68.152 1.53415
-26.7765 70.5884 1.52587
-26.6142 73.1618 1.50317
-27.8725 74.8689 3.13518
-30.4421 74.853 -3.10919
-33.0038 74.9706 3.02614
-35.4396 75.224 3.06443
-38.0111 75.3717 -3.11262
-40.5612 75.6973 2.99007
-42.9682 75.8068 -2.59622
-43.3435 73.3371 -1.62488
-43.508 70.8974 -1.64871
-43.7465 68.4473 -1.67563
-44.3691 65.9595 -1.92479
-44.8447 63.5599 -1.73002
-45.1707 61.1485 -1.69822
-45.5413 58.5933 -1.72426
-45.9575 56.1908 -1.74973
-46.464 53.6674 -1.78001
-47.0353 51.1573 -1.8056
-47.6312 48.6519 -1.81528
-48.1468 46.1341 -1.76947
-48.674 43.771 -1.80745
-49.2947 41.4411 -1.84301
-49.9698 39.1386 -1.80044
-50.5794 36.6927 -1.82568
-51.2395 34.3893 -1.87038
-51.927 32.2109 -1.87197
-52.5664 29.8945 -1.85064
-53.2759 27.6044 -1.88947
-54.0408 25.3283 -1.74883
-53.4052 23.127 -0.66692
-51.1609 22.4665 -0.0345506
-48.8962 22.0065 -0.289217
-46.6465 21.2837 -0.29403
-44.3766 20.5137 -0.36254
-42.928 19.9173 -0.409504
-41.4775 19.2622 -0.355899
-39.8035 18.7465 -0.218572
-38.3242 19.6319 1.0559
-37.2529 21.9407 1.22357
-36.3531 24.3533 1.21276
-35.4935 26.6387 1.22657
-34.6741 29.0798 1.3762
-33.471 31.1741 1.05032
-32.1547 33.3869 1.04876
-30.893 35.6292 1.12264
-29.8337 37.8323 1.12801
-28.7207 40.1508 1.07269
-27.4777 42.4092 1.07405
-26.2288 44.6469 1.05802
-25.0227 46.7737 1.01794
-23.0983 48.4064 0.305921
-20.6231 48.0499 -0.450295
-18.7247 47.0663 -0.497323
-17.0018 46.0743 -0.481114
-15.4128 45.1409 -0.565287
-13.7985 44.1525 -0.537739
-12.1852 43.1634 -0.505751
-10.4793 42.1642 -0.550425
-8.90589 41.1286 -0.637692
-8.41344 39.3044 -1.65427
-7.54324 37.6942 -0.84969
-6.21439 36.0989 -0.890211
-5.08161 34.5327 -0.965706
-3.71182 32.5181 -0.922518
-2.18757 30.4525 -0.952617
-0.784749 28.4468 -0.943351
0.685261 26.3457 -0.964028
2.09813 24.1841 -1.0109
3.35244 22.0928 -1.04765
4.5381 19.9638 -1.34127
2.90738 18.1243 -2.50106
1.72542 16.3113 -0.855247
3.25543 14.2536 -1.08194
4.88455 12.6799 0.553238
6.23421 14.1923 -0.744416
4.92179 12.3328 -2.52752
2.74962 10.9399 -2.61219
0.476169 9.74315 -2.69814
-1.85596 8.66363 -2.66711
-4.04083 7.56305 -2.69131
-6.356 6.45703 -2.64398
-8.67163 5.32444 -2.72818
-10.951 4.43828 -2.80615
-13.389 3.63276 -2.60314
-15.5694 2.53166 -2.70118
-17.9364 1.52674 -2.77181
-20.3629 0.656461 -2.8243
-22.7583 0.214834 -3.01623
-25.187 -0.0793587 -2.98633
-27.6995 -0.590839 -2.91372
-30.2184 -1.10818 -2.96393
-32.7687 -1.48019 -3.02469
-35.3034 -1.90019 -2.98947
-37.7105 -2.32519 -2.96883
-39.997 -2.70459 -2.92153
-42.5205 -3.20343 -2.96139
-44.9393 -3.58268 -3.00222
-47.4715 -4.02291 -2.97716
-49.889 -4.3654 -3.02378
-52.4444 -4.62527 -3.05561
-55.0168 -4.83324 -3.1152
-57.4523 -5.05762 -3.03925
-60.0102 -5.26411 -3.07455
-62.4508 -5.37503 -3.11099
-64.409 -5.33666 -2.94364
-66.2843 -5.76227 -3.01691
-68.0216 -5.93947 -3.00159
-69.6202 -6.18513 -2.94751
-71.5585 -6.52193 -3.03925
-73.7864 -6.55051 -3.12623
-76.1206 -6.59321 -3.04706
-78.3548 -6.78021 -3.06226
-80.5746 -6.94486 -3.02435
-82.9033 -7.17779 -2.9968
-84.7596 -7.3909 -3.0464
-86.4391 -7.4502 3.10598
-87.4312 -6.36201 1.67805
-87.5681 -4.34783 1.60091
-87.5718 -2.29101 1.54186
-87.4899 -0.232913 1.60614
-87.6031 1.82549 1.79376
-88.3121 3.75661 2.00712
-89.7003 5.07478 2.61646
-91.5796 5.78004 -2.90855
-93.5108 5.07848 -2.98487
-95.5683 5.0061 3.13422
-97.914 5.0482 3.1306
-100.143 5.085 3.13009
-102.486 5.13457 3.11414
-104.477 5.53269 2.0578
-104.735 7.55335 1.45347
-104.518 9.18177 1.41718
-104.211 10.8117 1.3335
-103.889 12.6751 1.45618
-103.725 14.5554 1.50992
-103.545 16.6554 1.533
-103.403 18.8131 1.47358
-103.153 20.8532 1.42933
-102.894 22.8981 1.45121
-102.627 24.9397 1.4545
-102.335 26.9835 1.40148
-101.945 29.0048 1.35986
-101.436 31.2538 1.3557
-100.877 33.5189 1.31573
-100.31 35.6864 1.29463
-99.6981 37.8249 1.27806
-99.1846 39.9966 1.41842
-98.8047 42.1198 1.38051
-98.4628 43.7443 1.35677
-98.0097 45.6744 1.37136
-97.6551 47.5348 1.37587
-97.2453 49.3786 1.33737
-96.7495 51.2975 1.30739
-96.2833 53.1237 1.38429
-95.0482 53.9609 -0.0681383
-93.1766 53.7217 -0.261444
-91.3656 53.1878 -0.259999
-89.552 52.6477 -0.316515
-87.7789 52.006 -0.376673
-85.9054 51.3665 -0.33827
-84.1175 50.7765 -0.326153
-82.4785 50.1749 -0.379227
-82.4194 48.8539 -2.27841
-81.7349 48.4975 1.61715
-81.7877 50.1728 2.34334
-83.427 50.6085 2.85578
-85.0247 51.2359 2.77208
-85.3166 52.5855 0.940336
-84.8839 54.2362 1.36087
-84.4432 55.9754 1.28935
-83.9265 57.7058 1.28307
-83.3249 59.3964 1.08713
-82.58 60.9431 1.19103
-81.9049 62.6082 1.22228
-81.539 64.2365 2.14066
-83.0463 65.1999 2.66599
-84.6283 65.8599 2.78198
-86.2942 66.5502 2.69852
-87.8641 67.2415 2.81516
-89.4956 67.7632 2.88577
-91.2157 68.2877 2.75855
-92.8067 68.9146 2.78678
-94.502 69.5288 2.81803
-96.1646 70.2134 2.74675
-97.7496 70.8712 2.76501
-99.3447 71.4927 2.79825
-101.05 71.8248 -2.39325
-101.643 70.2284 -1.95082
-102.361 68.6755 -2.03322
-103.144 67.1461 -2.04942
-103.949 65.6326 -2.06895
-104.785 64.0384 -1.9864
-105.49 62.4766 -1.99261
-106.224 60.8344 -1.95279
-105.182 59.7422 -0.480744
-103.681 58.9002 -0.523078
-102.123 58.0025 -0.546954
-100.645 57.1263 -0.521722
-99.0873 56.2294 -0.392893
-97.4433 55.5032 -0.592522
-97.8401 53.9357 -2.01538
-98.6605 52.3367 -1.87508
-99.3279 50.7306 -2.01627
-100.118 49.1457 -2.04289
-100.948 47.633 -2.08242
-101.815 46.1608 -2.12388
-102.791 44.6477 -2.15633
-103.897 42.9786 -2.14105
-105.022 41.2528 -2.13715
-106.171 39.5451 -2.18258
-107.446 37.799 -2.15749
-108.474 36.0167 -2.10229
-109.571 34.2774 -2.15414
-110.922 32.3303 -2.20864
-112.294 30.158 -2.14073
-113.743 28.0219 -2.20249
-114.881 25.9053 -2.06983
-115.922 24.7374 -1.78282
-114.906 23.9632 0.173936
-114.391 25.1133 2.29143
-115.645 24.8429 -1.70409
-115.815 23.2736 -2.04497
-116.893 21.9402 -2.43556
-118.253 20.5582 -2.22427
-119.554 18.9691 -2.28643
-120.772 17.3338 -2.19339
-121.623 15.9337 -2.20138
-122.649 14.5909 -2.24232
-122.667 13.3012 -0.715202
-121.458 12.2203 -0.737289
-120.277 11.111 -0.763283
-119.041 9.87939 -0.780399
-117.446 8.59034 -0.650219
-115.788 7.37931 -0.598349
-113.944 6.07824 -0.622019
-112.239 4.91522 -0.58411
-111.034 3.47515 -1.29902
-111.221 1.53081 -2.14356
-112.403 -0.144629 -2.30124
-113.879 -1.72817 -2.29278
-115.296 -3.2266 -2.34067
-116.73 -4.84708 -2.1996
-118.034 -6.4341 -2.30607
-119.462 -8.05622 -2.32145
-120.986 -9.43302 -2.32939
-122.449 -10.8844 -2.39888
-124.027 -12.2034 -2.57098
-126.052 -12.5106 -3.07004
-128.294 -12.5677 3.1027
-130.569 -11.8984 2.2742
-131.774 -9.92328 2.07071
-133.162 -8.03384 2.37972
-134.842 -6.31948 2.31981
-136.499 -4.41632 2.2606
-138.129 -3.36119 -3.08092
-139.697 -4.35894 -2.59461
-140.889 -5.2609 -2.26889
-142.481 -6.74029 -2.45488
-144.51 -8.3173 -2.47554
-146.529 -9.91239 -2.49808
-148.459 -11.4167 -2.41773
-150.313 -12.9977 -2.40766
-152.272 -14.6708 -2.45521
-154.196 -16.1756 -2.46
-156.23 -17.7559 -2.49866
-158.207 -19.3954 -2.409
-159.964 -20.7289 -2.73303
-161.262 -21.5773 -2.47331
-162.785 -22.7266 -2.50515
-164.851 -24.1653 -2.54547
-166.911 -25.4968 -2.59156
-169.098 -26.8483 -2.58289
-171.296 -28.174 -2.60851
-173.549 -29.4293 -2.67075
-175.721 -30.7942 -2.50638
-177.806 -32.2825 -2.53652
-179.948 -33.7292 -2.55525
-182 -35.0491 -2.58261
-184.201 -36.3838 -2.60158
-186.427 -37.6683 -2.60149
-188.638 -38.9557 -2.63091
-190.141 -39.7735 -2.64739
-191.661 -40.6357 -2.4889
-193.154 -41.7504 -2.49731
-195.149 -42.9796 -2.61597
-197.283 -44.1743 -2.6352
-198.038 -46.1736 -1.20775
-197.188 -48.5958 -1.53973
-198.994 -50.1193 -2.57503
-201.163 -51.5009 -2.63453
-203.363 -52.5273 -2.69867
-205.094 -53.2969 -2.71401
-206.897 -53.8218 3.03425
-209.215 -53.478 -3.05532
-211.469 -54.0596 -2.73512
-213.499 -54.9853 -2.52944
-213.821 -56.9582 -1.14318
-212.832 -59.0622 -1.11782
-211.686 -61.3292 -1.06657
-210.825 -63.7379 -1.23681
-210.016 -66.1832 -1.22586
-209.16 -68.472 -1.18658
-208.166 -70.85 -1.1457
-207.107 -73.1886 -1.18611
-206.179 -75.4476 -1.20604
-205.243 -77.8503 -1.17569
-204.414 -80.1456 -1.2364
-203.529 -82.568 -1.19635
-202.684 -84.9921 -1.324
-202.04 -87.3492 -1.2509
-201.264 -89.662 -1.22671
-200.149 -91.9601 -0.853458
-198.099 -93.4694 -0.367549
-195.766 -94.21 -0.374478
-193.439 -95.286 -0.43304
-191.011 -96.0461 0.100601
-189.285 -95.6492 0.667978
-187.738 -95.356 -1.14533
-189.207 -95.8879 -2.8124
-187.811 -95.2605 0.429247
-185.315 -94.708 0.124515
-182.903 -94.3397 0.185428
-180.501 -93.8624 0.225919
-178.021 -93.1879 0.309187
-175.581 -92.3698 0.358052
-173.309 -91.4853 0.399136
-171.233 -90.6123 0.225557
-168.959 -90.1293 0.23356
-166.588 -89.5475 0.265139
-164.114 -88.8465 0.309443
-161.592 -88.3271 0.20521
-159.203 -87.8033 0.237606
-156.705 -87.1819 0.263475
-154.318 -86.7472 0.0486417
-151.743 -86.6378 0.0542587
-149.174 -86.3824 0.119967
-146.762 -86.062 0.191149
-144.411 -85.0316 0.481605
-142.181 -84.0457 0.308998
-139.738 -83.5856 0.140078
-137.223 -83.2327 0.144055
-134.69 -82.8347 0.181607
-132.281 -82.4007 0.187021
-129.969 -81.96 0.195006
-127.459 -81.4392 0.216088
-124.937 -80.9356 0.128574
-122.5 -80.7209 0.0991547
-119.945 -80.4438 0.126807
-117.396 -80.1058 0.152299
-114.978 -79.7229 0.1745
-112.438 -79.3081 0.120949
-110.007 -79.0865 0.0988677
-107.556 -78.8643 0.0899507
-105.127 -78.6269 0.116008
-102.564 -78.3242 0.142513
-100.149 -77.9879 0.14385
-97.6862 -77.7379 -0.0984263
-95.7256 -79.1184 -1.25215
-95.2531 -81.6384 -1.41898
-94.9652 -84.064 -1.50005
-94.903 -86.628 -1.5754
-95.2184 -89.08 -1.86515
-94.1067 -90.4226 0.935852
-94.4239 -88.5271 1.72062
-94.8163 -85.9823 1.7365
-94.8345 -83.5492 1.46388
-94.4914 -81.0036 1.62698
-94.7226 -78.4414 1.6844
-94.8777 -76.0165 1.28418
-93.8081 -73.7421 1.57477
-93.912 -71.2988 1.97187
-94.5453 -72.0066 -0.995789
-94.4332 -74.3316 -1.62162
-94.654 -76.8978 -1.68261
-95.006 -79.3157 -1.74612
-95.3248 -81.8662 -1.69442
-95.5461 -84.4251 -1.47585
-95.4272 -86.9869 -1.59953
-95.2046 -89.1626 -1.45722
-95.2373 -91.7264 -1.6361
-95.4797 -94.2904 -1.68704
-95.8591 -96.8357 -1.7438
-96.1764 -99.2557 -1.5912
-96.2565 -101.831 -1.61762
-96.3332 -104.273 -1.57715
-96.3912 -106.843 -1.60579
-96.5309 -109.416 -1.63928
-96.756 -111.85 -1.68095
-97.0849 -114.402 -1.71414
-97.4239 -116.821 -1.71985
-97.8128 -119.275 -1.7407
-98.1903 -121.775 -1.62978
-98.3779 -124.34 -1.66389
-98.7185 -126.892 -1.71658
-99.0852 -129.301 -1.66075
-99.2583 -131.874 -1.77735
-99.8277 -134.374 -1.80632
-100.483 -136.863 -1.83916
-101.154 -139.218 -1.7755
-99.3559 -140.522 -0.190703
-96.8314 -141.056 -0.381395
-95.5977 -143.04 -1.44269
-95.9093 -145.58 -1.63682
-94.0189 -146.88 -0.322668
-91.5019 -147.423 -0.232658
-89.5038 -147.875 -0.200838
-88.2392 -148.678 -1.94692
-89.6993 -148.33 2.49444
-91.3916 -147.619 2.94127
-93.8873 -147.002 2.86127
-96.0548 -145.943 1.85761
-95.9844 -143.422 1.48386
-96.9067 -141.384 2.51037
-98.938 -140.214 2.68872
-100.513 -140.725 -2.34709
-101.469 -142.333 -1.97271
-102.296 -144.203 -1.98051
-103.357 -146.543 -2.0018
-104.193 -148.835 -1.82766
-104.869 -151.314 -1.83794
-105.57 -153.793 -1.84548
-106.258 -156.143 -1.85349
-106.991 -158.6 -1.85989
-107.7 -160.946 -1.81977
-108.195 -163.332 -1.8957
-109.351 -165.633 -2.05578
-110.491 -167.933 -1.95852
-111.43 -170.194 -1.96184
-112.245 -172.628 -1.7647
-112.753 -175.145 -1.7678
-113.327 -177.66 -1.81599
-114.023 -180.124 -1.98913
-115.045 -182.359 -2.00139
-116.131 -184.683 -2.01013
-117.22 -186.907 -2.03182
-118.365 -189.172 -2.0421
-119.541 -191.465 -2.04705
-120.682 -193.636 -2.02557
-121.699 -195.984 -1.86969
-122.618 -198.345 -2.43836
-124.462 -197.759 1.75718
-126.229 -196.361 2.64865
-128.343 -195.15 2.67161
-130.83 -194.509 2.92478
-133.267 -193.679 2.74969
-135.492 -192.671 2.68746
-137.755 -191.469 2.62594
-139.954 -190.116 2.5594
-142.034 -188.833 2.6295
-144.23 -187.503 2.56813
-146.364 -186.052 2.59167
-148.652 -184.881 2.68307
-150.813 -183.737 2.63633
-153.017 -182.435 2.58147
-155.169 -181.006 2.53236
-157.131 -179.558 2.48581
-159.307 -178.193 2.68195
-161.483 -177.083 2.66192
-163.739 -175.84 2.62354
-165.947 -174.528 2.59099
-168.113 -173.125 2.55185
-170.212 -171.641 2.5132
-172.258 -170.079 2.47029
-174.213 -168.626 2.5578
-176.34 -167.167 2.53058
-178.419 -165.657 2.49831
-180.446 -164.08 2.49792
-182.474 -162.718 2.55542
-184.597 -161.263 2.53222
-186.688 -159.751 2.51231
-188.741 -158.198 2.48303
-190.745 -156.812 2.60889
-192.936 -155.466 2.58796
-194.871 -153.83 2.27991
-196.535 -151.835 2.30629
-198.308 -150.155 2.40421
-200.167 -148.572 2.46638
-202.159 -146.954 2.44927
-204.139 -145.289 2.43525
-205.761 -144.824 -3.09984
-207.562 -144.912 -3.02629
-209.544 -145.105 -3.07485
-212.109 -145.352 -2.95843
-214.513 -146.154 -2.52074
-216.356 -147.946 -2.35536
-218.076 -149.724 -2.30889
-219.611 -151.472 -2.26137
-221.225 -153.469 -2.20992
-222.86 -155.285 -2.29106
-224.531 -157.249 -2.26321
-226.316 -158.889 -2.53515
-228.11 -160.382 -2.40283
-229.648 -161.76 -2.35956
-231.07 -163.241 -2.22929
-232.403 -164.938 -2.31254
-233.627 -166.322 -2.27121
-235.123 -167.904 -2.45962
-237.04 -169.473 -2.43616
-238.897 -171.06 -2.42676
-240.828 -172.76 -2.40351
-242.736 -174.481 -2.39648
-243.833 -175.867 -1.713
-243.275 -177.589 -0.815976
-241.511 -179.406 -0.767109
-239.497 -180.742 -0.723077
-237.877 -182.185 -0.699578
-236.631 -183.241 -0.801624
-235.422 -185.463 -0.801236
-233.558 -187.223 -0.721045
-231.712 -188.831 -0.692377
-229.743 -190.487 -0.729255
-227.898 -192.08 -0.677177
-226.07 -193.893 -0.82012
-224.38 -195.66 -0.784691
-222.653 -197.558 -0.984965
-221.288 -199.584 -0.938036
-219.662 -201.58 -0.863421
-218.185 -203.676 -0.965124
-216.493 -205.425 -0.668865
-214.573 -206.927 -0.647544
-213.376 -208.913 -1.16793
-212.333 -210.268 -0.864319
-211.488 -211.709 -0.726152
-209.974 -212.415 -0.25595
-208.471 -212.376 0.239461
-206.786 -212.829 -0.770914
-207.116 -214.941 -1.73693
-206.898 -217.422 -1.05804
-205.556 -219.448 -0.954144
-204.098 -221.409 -0.904108
-202.5 -223.425 -0.944894
-201.221 -225.553 -1.02326
-199.887 -227.709 -1.01898
-198.746 -230.01 -1.02885
-197.526 -232.256 -1.23438
-196.43 -234.434 -1.03106
-195.135 -236.653 -1.04939
-193.792 -238.856 -0.884967
-192.155 -240.829 -0.856465
-190.555 -242.68 -0.923171
-189.125 -244.816 -0.971758
-187.981 -247.118 -1.17418
-187.047 -249.37 -1.16691
-185.86 -251.645 -0.93304
-184.858 -253.856 -1.17601
-183.564 -255.737 -0.949566
-182.634 -257.363 -1.11769
-181.644 -259.291 -0.763843
-179.92 -259.347 0.406957
-177.713 -258.383 0.429226
-175.485 -257.391 0.352235
-173.083 -256.483 0.382491
-170.69 -255.509 0.31919
-168.223 -254.799 0.210226
-165.672 -254.485 0.142029
-163.257 -254.1 0.189073
-160.744 -253.573 0.244933
-158.251 -252.911 0.287939
-155.917 -252.182 0.330606
-153.482 -251.36 0.276991
-151.144 -250.663 0.314437
-148.653 -250.018 0.213057
-146.141 -249.447 0.249369
-143.774 -248.854 0.275364
-141.211 -248.614 0.0839957
-138.653 -248.353 0.13225
-136.133 -247.907 0.490995
-134.118 -246.338 0.951368
-133.817 -244.441 1.90883
-134.917 -244.496 -1.22637
-133.838 -245.736 -1.34958
-133.057 -247.15 -0.256435
-131.168 -247.021 0.120216
-128.802 -246.444 0.349467
-126.399 -245.533 0.39224
-123.992 -244.642 0.133413
-121.561 -244.382 0.132634
-119.007 -244.105 0.0527247
-116.434 -243.956 0.0793447
-113.875 -243.715 0.126911
-111.458 -243.37 0.177199
-109.062 -242.911 0.213039
-106.544 -242.339 0.26322
-104.022 -241.852 0.105861
-101.583 -241.719 0.0653387
-99.0157 -241.546 0.0886447
-96.5448 -241.333 0.101404
-94.0184 -241.074 0.125113
-91.6001 -240.77 0.138169
-89.0418 -240.459 0.109759
-86.6048 -240.26 0.0510547
-84.0381 -240.122 0.0769657
-81.4732 -239.91 0.0983327
-79.1293 -239.675 0.107039
-76.5755 -239.425 0.0503027
-74.0009 -239.301 0.0583307
-71.4312 -239.153 0.0642257
-68.9924 -239.008 0.0608377
-66.4244 -238.924 0.0467117
-63.9831 -238.799 0.0701887
-61.4098 -238.619 0.0889047
-58.8487 -238.396 0.0972587
-56.4062 -238.324 0.0244687
-53.8409 -238.294 0.0207187
-51.3536 -238.236 0.0438377
-48.8196 -238.222 -0.0310163
-46.2451 -238.298 -0.0226353
-43.8059 -238.346 -0.00535731
-41.3605 -238.368 -0.00235931
-38.7875 -238.369 0.0117577
-36.2155 -238.349 0.0188007
-33.6395 -238.313 0.0202257
-31.068 -238.258 0.0336967
-28.6283 -238.371 -0.0633313
-26.0638 -238.552 -0.0654933
-23.4986 -238.742 -0.0715523
-21.0586 -238.926 -0.0664273
-18.4952 -239.113 -0.0629623
-16.0567 -239.298 -0.0708723
-13.4868 -239.502 -0.0729653
-10.924 -239.695 -0.0267093
-8.48086 -239.666 -0.0272893
-5.91101 -239.763 -0.0305093
-3.47805 -239.891 -0.0907143
-0.908779 -240.135 -0.0845703
1.20364 -240.326 -0.0903483
3.15009 -240.506 -0.0893013
5.7132 -240.761 -0.0941363
8.18877 -241.011 -0.0935373
10.708 -241.264 -0.0969733
