0 0 1.60004
-0.0571614 1.01518 1.6029
-0.0467779 2.01599 1.59771
-0.0826614 3.02903 1.60237
-1.08039 3.00313 -3.11333
-2.08201 2.96426 -3.13028
-3.10499 2.9288 -3.13517
-4.09446 2.9234 -3.13064
-3.08671 2.93406 0.0271364
-2.08727 2.95741 0.0206308
-1.07953 3.00792 0.0368623
-0.106069 3.03663 0.0117825
-1.09925 2.99941 -3.12111
-2.11236 2.96423 -3.13457
-3.0812 2.9522 -3.13228
-4.0863 2.94632 -3.13141
-4.11313 3.97701 1.59113
-4.13154 4.96523 1.60054
-4.1794 5.92423 1.59877
-4.21615 6.91856 1.60632
-3.21258 6.91477 0.0727339
-2.23014 6.98813 0.0407157
-1.22456 7.02546 0.0372166
-0.213167 7.05078 0.0323418
-1.2027 7.00147 -3.10587
-2.19809 6.95702 -3.1126
-3.21156 6.92552 -3.09891
-4.21281 6.90655 -3.11225
-4.15078 5.94675 -1.53726
-4.13995 4.91944 -1.56156
-4.11734 3.93763 -1.57155
-4.1085 2.9546 -1.54687
-5.08026 2.93101 -3.11837
-6.12051 2.90444 -3.09395
-7.10763 2.84889 -3.13027
-8.10316 2.80814 -3.13571
-8.07592 1.80392 -1.55422
-8.06397 0.81841 -1.54643
-8.03364 -0.183926 -1.55138
-8.00412 -1.17372 -1.56518
-7.01559 -1.20821 0.020473
-6.01948 -1.19758 0.0362399
-4.9996 -1.13498 0.0532502
-3.99491 -1.09989 0.0186059
-3.00964 -1.06209 0.0320194
-2.0058 -1.0634 0.0381814
-0.999233 -1.00872 0.0368536
0.00562993 -0.98695 0.0555562
-0.964963 -1.0164 -3.09864
-1.98305 -1.06728 -3.11649
-2.99969 -1.11499 3.14128
-4.04722 -1.12086 3.14097
-4.03143 -0.117747 1.60146
-4.06245 0.914634 1.59647
-4.08795 1.89991 1.57392
-4.0704 2.92753 1.58239
-3.08942 2.94779 0.0199115
-2.04955 2.96784 0.00140631
-1.07289 2.96923 -0.00916822
-0.069325 2.98289 -0.00631387
-0.0623288 1.98554 -1.55088
-0.0361333 0.992614 -1.54134
-0.0145637 0.00232286 -1.52133
0.00356584 -1.01536 -1.53617
-0.991056 -1.04196 -3.09436
-2.03177 -1.06421 -3.10256
-3.01958 -1.10296 -3.12126
-3.9754 -1.11483 -3.12276
-3.00456 -1.06364 0.015307
-2.01001 -1.0815 0.038988
-0.988352 -1.0478 0.0510126
0.0389487 -0.992138 0.0508136
0.0974761 -1.99611 -1.5346
0.10683 -2.97005 -1.56459
0.128947 -3.95975 -1.56595
0.132593 -4.94507 -1.54536
1.13113 -4.93924 0.0367541
2.13138 -4.89051 -0.00394445
3.14971 -4.88886 0.0171524
4.13009 -4.86584 0.0327427
4.14178 -5.85001 -1.51943
4.20282 -6.86602 -1.52931
4.21466 -7.86087 -1.53643
4.24345 -8.861 -1.55162
5.27071 -8.83287 -0.0127892
6.25031 -8.836 -0.0151943
7.23812 -8.85045 -0.0105876
8.22975 -8.85542 0.0198412
8.20889 -7.83112 1.57541
8.21676 -6.81904 1.58556
8.20463 -5.80245 1.60965
8.1589 -4.76443 1.59347
7.16534 -4.79115 -3.12204
6.17903 -4.85069 -3.13016
5.18562 -4.84605 -3.11292
4.14784 -4.82571 -3.12296
4.17203 -5.85271 -1.55355
4.17397 -6.86838 -1.53355
4.2474 -7.83553 -1.53496
4.25785 -8.85099 -1.54178
4.22123 -7.87178 1.58097
4.19198 -6.86597 1.58646
4.16254 -5.87244 1.59024
4.1192 -4.86761 1.5863
4.14632 -5.86989 -1.54627
4.18371 -6.86712 -1.5446
4.20254 -7.84736 -1.54784
4.24078 -8.85455 -1.53827
3.21224 -8.87026 -3.11315
2.20845 -8.90478 -3.10006
1.2037 -8.92881 -3.09034
0.212371 -8.9705 -3.08595
1.19619 -8.9484 0.0267089
2.20825 -8.92021 0.0357588
3.23322 -8.87745 0.0297476
4.252 -8.8501 0.0370408
4.2167 -7.85977 1.58999
4.21485 -6.85177 1.59842
4.18022 -5.86983 1.58581
4.15868 -4.87812 1.59443
4.21263 -5.88279 -1.5384
4.21152 -6.892 -1.52416
4.22411 -7.8854 -1.55055
4.28611 -8.90898 -1.5468
5.24258 -8.88078 0.00296576
6.2416 -8.85193 -0.000540822
7.26199 -8.86261 0.0124802
8.23344 -8.83641 0.00807431
8.18527 -7.81983 1.59636
8.16376 -6.80319 1.58509
8.166 -5.78533 1.57789
8.13967 -4.77871 1.57174
9.15774 -4.74185 -0.00588192
10.1671 -4.76126 -0.00206889
11.1738 -4.77561 0.00616137
12.1685 -4.74994 0.0114994
11.1437 -4.74471 -3.12018
10.1459 -4.75663 -3.1295
9.14316 -4.75365 -3.123
8.11688 -4.77414 3.13326
9.11648 -4.78501 0.00827379
10.1397 -4.75382 -0.0018492
11.164 -4.74804 0.0220401
12.172 -4.7165 0.0166688
11.1501 -4.72074 -3.12613
10.1677 -4.78397 3.13104
9.17543 -4.776 3.14069
8.15393 -4.78129 3.12312
8.16258 -3.76332 1.57999
8.09482 -2.76885 1.60363
8.06599 -1.77277 1.58097
8.04652 -0.772021 1.59228
7.00841 -0.786139 -3.10067
6.01814 -0.829244 3.14051
5.02725 -0.800699 -3.13223
4.06286 -0.814411 -3.1199
5.04911 -0.796849 0.0323463
6.05918 -0.804461 0.0280906
7.05827 -0.793508 0.00772795
8.06084 -0.795959 0.0169003
7.06801 -0.797082 -3.11511
6.08207 -0.821625 -3.14003
5.04463 -0.817743 3.14075
4.05522 -0.823822 -3.11553
5.04314 -0.803214 0.026079
6.05252 -0.760319 0.0162514
7.013 -0.784415 0.0050064
8.05036 -0.762773 0.0146437
8.09103 -1.77459 -1.56714
8.10137 -2.77514 -1.54189
8.12642 -3.75495 -1.54699
8.14394 -4.76774 -1.55568
7.15358 -4.78579 -3.11835
6.15908 -4.80693 -3.1051
5.18056 -4.85052 -3.12856
4.15811 -4.88783 -3.11824
5.18251 -4.85174 0.0103315
6.17396 -4.82891 0.0127703
7.15006 -4.78065 0.00786047
8.13611 -4.76697 0.00353957
9.1547 -4.77533 0.01384
10.1451 -4.75506 0.0143487
11.1294 -4.73098 0.027287
12.1404 -4.7122 0.0140266
12.1726 -5.70232 -1.57014
12.1666 -6.71784 -1.57606
12.1712 -7.71288 -1.56792
12.1819 -8.72091 -1.55135
11.1926 -8.73799 -3.11718
10.2016 -8.76826 -3.12921
9.1901 -8.79157 -3.12786
8.21229 -8.81911 -3.13536
8.17629 -9.80644 -1.52171
8.28231 -10.7891 -1.5168
8.35431 -11.7763 -1.53064
8.39743 -12.7898 -1.51594
9.37526 -12.7543 0.037081
10.3868 -12.7389 0.0331426
11.3759 -12.682 0.0432175
12.3939 -12.6402 0.0472389
12.4271 -13.6326 -1.51813
12.5102 -14.6041 -1.52133
12.5669 -15.6194 -1.51993
12.6191 -16.6015 -1.51662
13.653 -16.5796 0.0545894
14.6252 -16.5249 0.0644849
15.6305 -16.465 0.0828924
16.6342 -16.4027 0.0798131
15.6266 -16.4497 -3.08027
14.6105 -16.5053 -3.07774
13.6269 -16.5591 -3.10453
12.6205 -16.596 -3.09879
12.5628 -15.5924 1.62677
12.5182 -14.6281 1.61673
12.4513 -13.6138 1.66403
12.3959 -12.62 1.64668
11.4104 -12.6563 -3.07528
10.3839 -12.7039 -3.10444
9.3875 -12.7831 -3.12526
8.38282 -12.8 -3.11185
9.37343 -12.7869 0.0618717
10.388 -12.7467 0.0632431
11.3918 -12.6664 0.06093
12.3995 -12.6237 0.0656184
11.4202 -12.6588 -3.07839
10.4102 -12.689 -3.08635
9.37775 -12.7498 -3.08333
8.3991 -12.7743 -3.08029
8.3233 -11.7686 1.61252
8.26877 -10.8289 1.61949
8.24227 -9.83834 1.62731
8.19314 -8.8525 1.6012
9.1785 -8.81544 0.0163761
10.1858 -8.76088 0.0349859
11.1844 -8.74333 0.0145841
12.2053 -8.72176 0.0245232
12.1789 -7.72344 1.58741
12.1689 -6.71062 1.58235
12.1509 -5.72586 1.55972
12.1814 -4.7311 1.57186
12.1889 -5.73192 -1.58744
12.1977 -6.70618 -1.57961
12.1923 -7.71251 -1.56093
12.1931 -8.74895 -1.57127
13.1559 -8.72439 0.0276837
14.1134 -8.72893 0.0537302
15.1134 -8.68704 0.055836
16.096 -8.63929 0.049185
17.1062 -8.58786 0.0321532
18.1031 -8.51346 0.0501992
19.0935 -8.43031 0.0623688
20.1161 -8.37742 0.0626938
19.112 -8.43826 -3.06838
18.092 -8.50041 -3.07463
17.1089 -8.56274 -3.08113
16.1077 -8.62599 -3.0702
17.1174 -8.56897 0.100362
18.101 -8.49306 0.0675899
19.111 -8.42607 0.0893063
20.09 -8.34825 0.074139
19.0956 -8.42606 -3.09296
18.0944 -8.50254 -3.09175
17.115 -8.56132 -3.06017
16.1171 -8.6316 -3.08675
16.0495 -7.6402 1.63
15.9817 -6.61682 1.63054
15.9201 -5.62386 1.63132
15.8252 -4.64669 1.62839
16.821 -4.55335 0.0425851
17.7967 -4.53182 0.030786
18.8258 -4.50525 0.0817593
19.8182 -4.43406 0.0767101
19.7137 -3.42286 1.6603
19.6275 -2.39185 1.67802
19.5399 -1.41415 1.6538
19.4926 -0.426392 1.66256
18.4422 -0.524771 -3.05585
17.4495 -0.583893 -3.05999
16.4498 -0.677155 -3.04941
15.455 -0.771906 -3.06617
15.388 0.2065 1.63896
15.344 1.18893 1.63751
15.3016 2.17026 1.62603
15.2292 3.16152 1.5909
15.2491 2.14364 -1.52732
15.2778 1.15899 -1.5304
15.3612 0.197309 -1.51193
15.4625 -0.785383 -1.47262
16.4421 -0.699502 0.085659
17.4464 -0.597058 0.0862806
18.4377 -0.52225 0.0860847
19.4013 -0.451234 0.115579
19.5172 -1.4324 -1.47726
19.6275 -2.44394 -1.46395
19.7405 -3.42321 -1.47337
19.8083 -4.42652 -1.49781
20.81 -4.37637 0.111439
21.8067 -4.26921 0.108937
22.7636 -4.19697 0.0795893
23.7589 -4.12208 0.0599676
23.7935 -5.11753 -1.48018
23.8695 -6.11082 -1.48113
23.9683 -7.099 -1.47431
24.0588 -8.08332 -1.47435
23.0872 -8.18737 -3.0896
22.1012 -8.23612 -3.06695
21.1147 -8.31713 -3.0762
20.1281 -8.35876 -3.08743
20.1676 -9.35579 -1.53715
20.2165 -10.3487 -1.50818
20.3027 -11.3424 -1.48908
20.3909 -12.3595 -1.51707
21.4034 -12.2898 0.0544455
22.3902 -12.2063 0.0598421
23.3631 -12.1484 0.0426221
24.3902 -12.1252 0.0554036
24.4208 -13.1128 -1.50919
24.4813 -14.1168 -1.48489
24.5632 -15.1016 -1.50851
24.6599 -16.1369 -1.52735
23.6446 -16.1788 -3.10881
22.6594 -16.2408 -3.11543
21.6574 -16.2498 -3.12324
20.6896 -16.2661 -3.12591
20.7014 -17.2872 -1.55639
20.7216 -18.2806 -1.53811
20.7323 -19.3255 -1.52707
20.7543 -20.2969 -1.52648
20.7462 -19.2784 1.60946
20.7269 -18.2773 1.60168
20.7138 -17.3034 1.60661
20.6784 -16.323 1.60575
21.654 -16.2647 0.0451554
22.6794 -16.2038 0.0327684
23.6837 -16.1775 0.0553073
24.6934 -16.093 0.0717011
24.5807 -15.0745 1.65653
24.4729 -14.1002 1.64501
24.3958 -13.1199 1.6226
24.3624 -12.11 1.61847
23.382 -12.178 -3.07291
22.3748 -12.2347 -3.06184
21.3765 -12.3133 -3.06323
20.3643 -12.388 -3.07572
20.3086 -11.3684 1.66267
20.2158 -10.3703 1.64896
20.1491 -9.36624 1.64389
20.0696 -8.35354 1.65608
19.109 -8.46337 -3.06326
18.1217 -8.53617 -3.08714
17.1054 -8.60635 -3.10036
16.1204 -8.62462 -3.09987
17.128 -8.57711 0.0547444
18.1239 -8.50732 0.0643638
19.1024 -8.43739 0.0672659
20.1141 -8.35309 0.0576228
19.1125 -8.41141 -3.06644
18.0969 -8.51225 -3.08011
17.0774 -8.57291 -3.08615
16.0816 -8.62332 -3.07971
17.1147 -8.58042 0.0467585
18.0839 -8.5156 0.0325245
19.1047 -8.43093 0.0418364
20.1114 -8.3699 0.036934
19.1186 -8.42727 -3.10196
18.1106 -8.49159 -3.06614
17.1406 -8.55891 -3.07915
16.1303 -8.63778 -3.08266
16.1899 -9.62654 -1.52
16.2289 -10.6296 -1.49693
16.303 -11.6476 -1.50791
16.3387 -12.6003 -1.51427
17.3402 -12.575 0.0629385
18.3681 -12.5043 0.0574349
19.3755 -12.4469 0.0782774
20.3744 -12.3635 0.0589044
20.441 -13.3617 -1.50108
20.5084 -14.3192 -1.50397
20.6203 -15.2864 -1.51865
20.6847 -16.3022 -1.51322
21.6766 -16.2388 0.0300559
22.6716 -16.2018 0.0380548
23.6736 -16.1922 0.0481029
24.6582 -16.1092 0.0822286
24.5524 -15.0962 1.65585
24.4875 -14.1208 1.6623
24.3985 -13.1248 1.64802
24.3133 -12.1394 1.61604
23.3433 -12.1622 -3.09055
22.3412 -12.2143 -3.09029
21.3427 -12.2913 -3.0762
20.3608 -12.3648 -3.0699
20.3182 -11.3448 1.65211
20.2252 -10.3466 1.62441
20.1952 -9.34769 1.62907
20.1057 -8.35109 1.65023
21.1073 -8.31843 0.0620309
22.094 -8.28428 0.0944092
23.0806 -8.2072 0.0867634
24.0671 -8.09396 0.0934142
24.1591 -9.09884 -1.47614
24.2375 -10.1139 -1.49716
24.3425 -11.1117 -1.51893
24.3759 -12.1161 -1.51084
24.3345 -11.0981 1.64757
24.2589 -10.0915 1.65007
24.1739 -9.0972 1.63644
24.071 -8.1121 1.66314
25.0456 -8.0123 0.0923328
26.0234 -7.89968 0.07639
27.0274 -7.84379 0.0898789
28.0016 -7.76799 0.0712521
27.9383 -6.77348 1.63103
27.897 -5.76766 1.61589
27.8605 -4.78476 1.61949
27.8153 -3.77473 1.62102
27.8691 -4.77471 -1.53292
27.8808 -5.7542 -1.51275
27.9368 -6.7677 -1.52625
27.9848 -7.78297 -1.52301
29.0185 -7.71651 0.0389894
30.0007 -7.72221 0.0385871
30.9572 -7.67377 0.0605307
31.9713 -7.67483 0.0623857
32.9546 -7.61593 0.0643504
33.9383 -7.51691 0.048332
34.9167 -7.47587 0.0439867
35.919 -7.44393 0.0392852
35.8785 -6.40544 1.60981
35.852 -5.41883 1.62732
35.7934 -4.39668 1.61114
35.7545 -3.42721 1.61349
36.7199 -3.36419 0.0103183
37.7217 -3.31716 0.0505593
38.7128 -3.26276 0.0263922
39.7163 -3.24631 -0.00406603
39.6828 -4.27371 -1.5908
39.6894 -5.24854 -1.54977
39.737 -6.27156 -1.56006
39.7718 -7.24282 -1.55855
40.7712 -7.23692 0.0117057
41.7653 -7.22993 0.00967945
42.7605 -7.19908 -0.00376241
43.7722 -7.19286 0.0103512
42.7901 -7.22985 -3.12736
41.779 -7.24784 3.11666
40.7574 -7.24452 3.14061
39.7526 -7.23838 3.13655
39.7561 -6.25884 1.56452
39.7605 -5.2349 1.6083
39.6979 -4.24859 1.57498
39.7139 -3.23862 1.60116
39.6942 -4.25329 -1.52747
39.7191 -5.25493 -1.55414
39.7373 -6.25871 -1.53854
39.7505 -7.24764 -1.55588
39.7805 -6.24487 1.57563
39.7571 -5.25083 1.60099
39.7191 -4.25969 1.59502
39.6977 -3.2419 1.60287
39.7176 -4.25598 -1.56158
39.718 -5.24681 -1.53609
39.735 -6.27091 -1.53545
39.7641 -7.27766 -1.55556
40.7497 -7.26445 0.0158464
41.7224 -7.28108 0.0263323
42.7476 -7.2214 0.0279904
43.7588 -7.20286 0.018696
43.7841 -8.20859 -1.54227
43.8146 -9.24044 -1.55327
43.8558 -10.2057 -1.59131
43.815 -11.2094 -1.57826
43.8185 -10.2372 1.57585
43.8045 -9.23005 1.59051
43.8122 -8.21899 1.59699
43.7783 -7.20694 1.58808
43.7778 -8.22522 -1.56858
43.8093 -9.22289 -1.59113
43.8237 -10.2462 -1.58633
43.8324 -11.2355 -1.57881
43.851 -10.2198 1.58171
43.839 -9.23853 1.60055
43.8079 -8.25413 1.58876
43.819 -7.21732 1.59466
42.7944 -7.21236 -3.14059
41.7395 -7.21147 -3.12799
40.764 -7.24825 -3.13694
39.7497 -7.24382 -3.1357
39.7319 -6.26862 1.57064
39.7209 -5.2616 1.58011
39.7116 -4.2367 1.58728
39.7041 -3.23702 1.60157
40.7109 -3.25601 0.0511054
41.7179 -3.19734 0.0209337
42.6963 -3.17159 0.00981404
43.6785 -3.14296 0.0461632
42.6769 -3.18181 -3.09958
41.6986 -3.19956 -3.12354
40.7091 -3.21103 -3.13255
39.7268 -3.18145 3.12878
40.7251 -3.17247 -0.0114327
41.7157 -3.19181 0.0161408
42.7003 -3.16038 0.0192554
43.7132 -3.11906 0.0348853
42.7079 -3.15545 -3.1172
41.737 -3.19745 -3.111
40.7094 -3.23984 -3.10892
39.7148 -3.24509 -3.13351
39.6916 -2.25792 1.60465
39.6683 -1.25697 1.57885
39.6572 -0.247394 1.60944
39.603 0.771396 1.6111
40.6202 0.775384 0.0212777
41.622 0.80321 0.0448635
42.6354 0.835912 0.036476
43.6415 0.894105 0.0306714
42.6518 0.880385 -3.11935
41.6878 0.874917 -3.1139
40.6582 0.814109 -3.11242
39.6087 0.743838 -3.12306
39.6028 -0.246621 -1.54568
39.6687 -1.24268 -1.54802
39.6801 -2.24551 -1.56176
39.6977 -3.24323 -1.55425
39.7235 -2.2488 1.60687
39.681 -1.27304 1.60378
39.6342 -0.229168 1.62517
39.6008 0.775386 1.6143
39.6293 -0.241541 -1.51156
39.6928 -1.2362 -1.54238
39.7086 -2.234 -1.57696
39.726 -3.25551 -1.55053
40.7075 -3.1841 0.00748493
41.7257 -3.1677 0.0100721
42.7083 -3.1571 0.018014
43.7036 -3.14168 0.0262619
42.7108 -3.18568 -3.12659
41.7083 -3.19968 -3.13515
40.7383 -3.21973 -3.12433
39.7168 -3.21678 -3.13054
40.7175 -3.24555 0.0178024
41.7093 -3.20645 0.0420937
42.7075 -3.12942 0.0419029
43.7385 -3.0961 0.0525542
43.654 -2.127 1.6131
43.631 -1.11267 1.59982
43.6811 -0.129501 1.6056
43.6566 0.894915 1.59198
42.6172 0.865825 -3.10937
41.6381 0.851837 -3.09131
40.6413 0.776139 -3.10177
39.6095 0.743249 -3.09996
39.6389 -0.247804 -1.54812
39.6789 -1.21774 -1.54608
39.6769 -2.20002 -1.55714
39.7087 -3.24242 -1.55251
39.6655 -2.26 1.57373
39.6766 -1.25512 1.58536
39.6462 -0.236228 1.60046
39.611 0.753768 1.5937
38.6134 0.741488 -3.1256
37.6531 0.688664 -3.09369
36.5896 0.630058 -3.10504
35.6001 0.609566 -3.1053
34.621 0.587748 -3.11453
33.6124 0.525767 -3.10467
32.6178 0.460653 -3.11819
31.6048 0.430771 -3.10288
32.6123 0.47996 0.0402412
33.6046 0.522126 0.04106
34.6289 0.576579 0.0676125
35.6432 0.596471 0.0776069
35.5739 1.63399 1.57973
35.6051 2.64381 1.61187
35.5521 3.62633 1.61604
35.5113 4.64468 1.63801
34.5173 4.58363 -3.07458
33.4999 4.4967 -3.08476
32.5239 4.4706 -3.10442
31.521 4.41176 -3.1032
31.5492 3.40279 -1.54156
31.5797 2.42264 -1.53136
31.6358 1.42828 -1.54516
31.6499 0.433529 -1.53832
32.6313 0.463436 0.0283047
33.6299 0.545832 0.03436
34.604 0.593961 0.0517575
35.6377 0.65667 0.0160432
35.6462 -0.353531 -1.55897
35.6592 -1.37235 -1.55147
35.7047 -2.4041 -1.52448
35.7586 -3.39791 -1.52639
34.7547 -3.45101 -3.12879
33.7794 -3.51204 -3.12835
32.7855 -3.5216 -3.1188
31.7829 -3.55082 -3.11869
31.73 -2.56417 1.60448
31.6945 -1.54882 1.61023
31.6659 -0.550339 1.60215
31.6053 0.44795 1.59095
32.5898 0.476931 0.0429987
33.5971 0.493425 0.0563263
34.6111 0.540973 0.0542364
35.6169 0.585098 0.0217149
35.5687 1.59988 1.58477
35.5889 2.61545 1.59969
35.5559 3.59732 1.62891
35.4976 4.6031 1.60196
34.4958 4.55667 -3.10962
33.4848 4.51512 -3.09992
32.4831 4.46272 -3.10056
31.5002 4.42965 -3.09507
32.4977 4.4892 0.024353
33.4895 4.50538 0.0452887
34.4964 4.55526 0.0549279
35.5004 4.61864 0.0547509
34.492 4.55166 -3.09263
33.4817 4.51288 -3.11318
32.5019 4.49522 -3.09403
31.5436 4.44496 -3.09289
31.48 5.42572 1.64946
31.3949 6.44393 1.62727
31.333 7.45478 1.59726
31.3368 8.45152 1.60239
31.3441 7.45302 -1.5298
31.3872 6.41943 -1.52601
31.449 5.40547 -1.49679
31.5134 4.41835 -1.52607
32.5081 4.4443 0.0300783
33.5208 4.50806 0.0454398
34.5066 4.53424 0.0490758
35.5311 4.60235 0.0494553
35.4385 5.60998 1.60576
35.4335 6.60478 1.61114
35.4115 7.61956 1.61915
35.3626 8.56385 1.59688
35.3963 7.58905 -1.54605
35.4307 6.5941 -1.54287
35.4391 5.59442 -1.52552
35.4859 4.6009 -1.50994
34.5038 4.55224 -3.08086
33.4972 4.49776 -3.07348
32.4646 4.42462 -3.06973
31.4958 4.3837 -3.07528
32.5232 4.46034 0.0481566
33.5386 4.48179 0.044591
34.5027 4.5409 0.0403755
35.5048 4.59306 0.0390904
35.4707 5.60851 1.61077
35.4659 6.59222 1.62474
35.4127 7.59583 1.63008
35.3205 8.57697 1.59277
34.2745 8.54751 -3.11784
33.2966 8.52557 -3.11644
32.2827 8.458 -3.1364
31.324 8.47264 -3.08938
32.316 8.504 0.041529
33.3097 8.51025 0.0316704
34.302 8.535 0.0178711
35.3053 8.56473 0.0381935
35.2692 9.60241 1.59656
35.2369 10.5984 1.58135
35.2014 11.5846 1.6159
35.1634 12.5485 1.63205
36.1506 12.6176 0.0357523
37.1773 12.6739 0.0473773
38.1631 12.7023 0.0431587
39.1361 12.7291 0.0304404
38.1747 12.7093 -3.10017
37.1732 12.6537 -3.09476
36.1945 12.6051 -3.09301
35.1614 12.5762 -3.10558
36.1462 12.6166 0.0220189
37.1621 12.654 0.0380448
38.157 12.6925 0.0465176
39.1302 12.742 0.0560468
38.1334 12.695 -3.09421
37.1414 12.6557 -3.08635
36.1606 12.5825 -3.10977
35.1788 12.5723 -3.08852
35.2243 11.5733 -1.52699
35.278 10.6379 -1.51082
35.3265 9.6087 -1.53429
35.3578 8.61541 -1.52532
34.3242 8.56911 -3.10197
33.3313 8.53099 -3.10205
32.3189 8.46699 -3.11001
31.3144 8.43123 -3.07793
31.3394 7.43441 -1.53434
31.3963 6.43959 -1.52003
31.4459 5.43801 -1.49894
31.5384 4.47101 -1.51137
30.5506 4.39385 -3.13389
29.5392 4.35707 -3.10809
28.5391 4.32173 -3.12288
27.5311 4.30078 -3.08649
27.4574 5.28698 1.60532
27.428 6.3144 1.6113
27.406 7.30529 1.61643
27.3646 8.28827 1.61659
26.3525 8.24583 -3.08892
25.3506 8.18275 -3.09685
24.3774 8.14194 -3.10934
23.3682 8.08274 -3.09743
23.4208 7.07324 -1.51541
23.4586 6.11283 -1.52606
23.5065 5.09063 -1.51012
23.5499 4.05132 -1.51402
24.5451 4.09277 0.0447748
25.5276 4.1582 0.0521577
26.5292 4.21691 0.0523219
27.5287 4.28787 0.010305
27.5707 3.29313 -1.55435
27.5948 2.28334 -1.53068
27.614 1.27696 -1.52981
27.6394 0.308705 -1.54682
27.6179 1.29054 1.59496
27.5838 2.27685 1.60927
27.5514 3.28496 1.61519
27.512 4.28225 1.62156
26.5172 4.21131 -3.09795
25.5314 4.16314 -3.07846
24.5479 4.09818 -3.07155
23.5419 4.06035 -3.05555
24.5508 4.14427 0.0621481
25.5384 4.21735 0.0508742
26.5294 4.26767 0.0325523
27.5317 4.29086 0.0396731
27.5086 5.31824 1.61872
27.4461 6.3084 1.625
27.42 7.31094 1.61822
27.3528 8.30608 1.62306
26.3461 8.25528 -3.08312
25.347 8.20814 -3.08055
24.3412 8.15025 -3.11716
23.3384 8.11684 -3.10743
23.3887 7.08375 -1.52853
23.4602 6.07425 -1.52511
23.4937 5.09288 -1.53725
23.5363 4.07371 -1.55334
23.4997 5.08547 1.58896
23.4518 6.08628 1.59605
23.3897 7.08548 1.59211
23.3534 8.10183 1.61197
24.3502 8.15521 0.0267303
25.3215 8.20632 0.0384019
26.3503 8.27931 0.0499714
27.3401 8.33034 0.0515434
26.345 8.26901 -3.09265
25.3307 8.22486 -3.11026
24.337 8.13095 -3.10466
23.3509 8.0935 -3.08621
24.3388 8.11252 0.078266
25.3422 8.15531 0.0903137
26.3469 8.22807 0.0528699
27.3365 8.30936 0.0325583
27.277 9.26512 1.58758
27.2445 10.2801 1.56553
27.2567 11.2543 1.58163
27.2088 12.2237 1.60174
26.2431 12.2364 -3.10229
25.2776 12.2083 -3.10001
24.2723 12.1687 -3.09188
23.2544 12.1295 -3.10285
24.2494 12.1446 0.0346786
25.2646 12.1979 0.0403552
26.2781 12.2509 0.0411829
27.2923 12.2624 0.0285021
28.2795 12.3187 0.0211152
29.2816 12.3207 0.00963736
30.2678 12.3606 0.0323918
31.2924 12.4105 0.0228691
31.312 11.3887 -1.57267
31.3391 10.4248 -1.56394
31.3277 9.43186 -1.57307
31.3336 8.43313 -1.54788
30.3324 8.4154 -3.09192
29.3319 8.38478 -3.07224
28.364 8.30612 -3.0944
27.3588 8.2898 -3.12692
27.3271 9.25134 1.58564
27.2712 10.2534 1.57313
27.2691 11.2569 1.58682
27.2539 12.2729 1.58836
28.2646 12.2748 0.0479713
29.2593 12.2926 0.0428163
30.257 12.3967 0.0366463
31.2399 12.3753 0.0438372
31.2348 13.4059 1.61955
31.1844 14.3958 1.62191
31.1294 15.4082 1.60949
31.1053 16.4005 1.62552
32.0532 16.4544 0.039758
33.0671 16.5181 0.0209682
34.0924 16.5371 0.00470791
35.0964 16.587 0.0380677
35.0447 17.5753 1.6291
34.9796 18.5695 1.65675
34.9113 19.59 1.62927
34.8661 20.5732 1.60361
35.9017 20.6169 0.0233333
36.9007 20.6611 -0.00318852
37.9072 20.6566 0.0306216
38.8811 20.7201 0.0407254
38.8442 21.7265 1.58681
38.8335 22.704 1.61243
38.7748 23.7157 1.629
38.7149 24.7116 1.61296
39.7277 24.7779 0.0556503
40.7386 24.7956 0.052982
41.7196 24.861 0.0528799
42.7447 24.9075 0.042405
42.682 25.8636 1.61672
42.6354 26.8947 1.61276
42.5938 27.8557 1.59874
42.5343 28.8833 1.61059
41.5497 28.833 -3.13709
40.5326 28.8069 -3.09297
39.5493 28.7705 -3.09468
38.5315 28.7445 -3.09555
39.5334 28.7533 0.035233
40.5354 28.8054 0.0435305
41.5141 28.8493 0.0575853
42.4957 28.9017 0.0821496
42.5766 27.8957 -1.50924
42.578 26.9293 -1.51165
42.6508 25.9019 -1.51763
42.7065 24.888 -1.5164
42.7526 23.9188 -1.50092
42.8296 22.9103 -1.494
42.8916 21.9322 -1.51646
42.9551 20.9307 -1.49358
42.9092 21.9294 1.65917
42.8482 22.9601 1.67765
42.7481 23.9448 1.63535
42.6975 24.9071 1.63136
41.7089 24.8606 -3.09509
40.7064 24.8319 -3.09041
39.6967 24.7893 -3.09246
38.6958 24.7148 -3.09865
38.6481 25.7412 1.61676
38.6188 26.747 1.63192
38.583 27.7224 1.62291
38.5327 28.7475 1.607
37.5066 28.6884 -3.11261
36.5562 28.6496 -3.11859
35.533 28.5823 -3.12899
34.5282 28.5421 -3.10534
35.5608 28.5894 0.0615629
36.5512 28.6252 0.0140529
37.5546 28.6461 0.0246932
38.5075 28.7089 0.0312466
39.5033 28.7586 0.0344524
40.5125 28.8104 0.0386508
41.5161 28.8564 0.0328842
42.5093 28.8865 0.0418788
42.5649 27.9015 -1.51759
42.6143 26.8936 -1.51436
42.6782 25.8999 -1.53871
42.704 24.9017 -1.51731
42.642 25.8829 1.64434
42.606 26.8466 1.68297
42.5197 27.834 1.66881
42.4166 28.8576 1.67615
42.5486 27.8733 -1.4857
42.6215 26.8936 -1.516
42.6759 25.8939 -1.52373
42.7346 24.894 -1.50606
42.6987 25.9119 1.62079
42.6402 26.8977 1.62203
42.5706 27.9053 1.63189
42.5054 28.8796 1.61115
42.453 29.8935 1.61866
42.3975 30.8555 1.60211
42.3947 31.8761 1.62647
42.337 32.8882 1.6477
41.3525 32.8256 -3.08671
40.3675 32.7759 -3.10609
39.3772 32.7482 -3.09581
38.3643 32.683 -3.09902
39.3747 32.7375 0.0578454
40.3786 32.8057 0.0575176
41.3594 32.8492 0.0625393
42.3607 32.8959 0.039746
41.3723 32.8553 -3.08807
40.3949 32.7859 -3.0933
39.376 32.7296 -3.13942
38.3643 32.6881 -3.12191
38.3549 33.6797 1.60209
38.3276 34.6907 1.61123
38.2852 35.7083 1.62672
38.2454 36.6996 1.60409
38.2678 35.683 -1.5667
38.2837 34.6919 -1.52654
38.3317 33.6994 -1.51397
38.3697 32.6972 -1.53422
37.3613 32.6785 -3.09705
36.3641 32.6019 -3.12811
35.3728 32.5619 -3.10657
34.3744 32.5398 -3.08683
35.3913 32.5557 0.0795093
36.3757 32.6399 0.0593052
37.3825 32.6421 0.0394409
38.3847 32.7044 0.0406276
38.3567 33.6887 1.60861
38.2858 34.6741 1.61922
38.2417 35.6833 1.60293
38.2007 36.6668 1.59999
37.2181 36.6373 -3.12483
36.228 36.6097 -3.09465
35.2334 36.6013 -3.10715
34.1979 36.5665 -3.12085
35.1825 36.5734 0.0173762
36.1996 36.5945 0.0276873
37.1859 36.6563 0.0311915
38.2119 36.7099 0.0634381
38.173 37.6983 1.63721
38.1191 38.6846 1.61828
38.0863 39.674 1.62333
38.043 40.664 1.61412
38.0707 39.6915 -1.52089
38.1352 38.7021 -1.54288
38.1572 37.703 -1.52943
38.1747 36.6919 -1.52766
38.1325 37.6982 1.58473
38.1229 38.6659 1.63886
38.0722 39.6509 1.60959
38.0383 40.6382 1.60689
39.044 40.7035 0.034611
40.0246 40.7355 0.0512614
41.0116 40.8194 0.0634627
42.0344 40.9074 0.0572082
41.9848 41.9279 1.62426
41.9008 42.9254 1.64118
41.7802 43.9116 1.62848
41.7121 44.9039 1.64948
41.8483 43.9069 -1.50576
41.9198 42.9453 -1.49817
41.9706 41.9253 -1.47834
42.0387 40.9131 -1.49373
42.1036 39.8784 -1.54513
42.1388 38.8555 -1.53009
42.1966 37.8906 -1.53353
42.2108 36.8666 -1.5374
41.2079 36.8058 -3.08993
40.2024 36.7825 -3.09997
39.1912 36.7358 -3.10895
38.2155 36.7002 -3.09414
38.1182 37.6975 1.62798
38.1116 38.7028 1.6075
38.1073 39.6955 1.61701
38.0452 40.6738 1.61772
38.0857 39.6715 -1.5227
38.119 38.6832 -1.52091
38.1323 37.6756 -1.52465
38.1846 36.6877 -1.51268
39.1808 36.7388 0.0616172
40.2119 36.7751 0.0667763
41.2322 36.8546 0.0612994
42.2388 36.9223 0.0645792
41.2336 36.853 -3.10003
40.2197 36.8011 -3.09524
39.2295 36.759 -3.10299
38.2082 36.7088 -3.08875
39.1845 36.7618 0.0286842
40.1536 36.7827 0.0594303
41.1885 36.8461 0.0615697
42.2044 36.9097 0.0468716
41.2019 36.8513 -3.07721
40.1784 36.7813 -3.08638
39.216 36.7185 -3.11085
38.2312 36.7036 -3.10653
38.2613 35.6891 -1.53304
38.2972 34.6889 -1.52439
38.3534 33.702 -1.5551
38.3921 32.7109 -1.54595
38.4147 31.7341 -1.53303
38.4149 30.6939 -1.54199
38.4883 29.7168 -1.53642
38.4774 28.6982 -1.55811
38.4701 29.7206 1.6048
38.4088 30.725 1.60169
38.3949 31.7175 1.59483
38.3827 32.7047 1.62013
38.4176 31.7149 -1.53768
38.4262 30.7336 -1.55433
38.4543 29.7398 -1.51945
38.5283 28.7341 -1.52036
37.5373 28.6654 -3.1039
36.546 28.6273 -3.11413
35.5405 28.5869 -3.09659
34.5259 28.5668 -3.12078
34.5046 29.5759 1.61562
34.4649 30.6117 1.61521
34.3924 31.5933 1.61665
34.3525 32.5876 1.65574
33.3495 32.552 -3.08992
32.3565 32.4815 -3.08063
31.3817 32.4208 -3.11667
30.3472 32.4305 -3.09941
31.3679 32.4503 0.0273273
32.3588 32.4723 0.0509191
33.3556 32.5136 0.0169664
34.3782 32.5211 0.0157887
34.4205 31.5586 -1.53736
34.4406 30.5404 -1.52943
34.4925 29.5594 -1.52733
34.5254 28.553 -1.53004
33.549 28.525 -3.11587
32.5612 28.4927 -3.10654
31.5622 28.4504 -3.09021
30.5317 28.3977 -3.08817
30.6029 27.3775 -1.54994
30.6204 26.3698 -1.51864
30.6022 25.3524 -1.50561
30.6728 24.3614 -1.50337
29.7063 24.3154 -3.08986
28.7163 24.2848 -3.08267
27.7068 24.2253 -3.09292
26.7229 24.1347 -3.06376
27.7153 24.2305 0.071403
28.7267 24.2933 0.0486177
29.7254 24.3333 0.0424394
30.6686 24.3596 0.0605972
29.7064 24.3251 -3.08885
28.7313 24.2969 -3.09234
27.6994 24.2267 -3.08034
26.698 24.2035 -3.11834
26.6609 25.1873 1.62334
26.6245 26.1941 1.59786
26.5731 27.1765 1.6033
26.5575 28.1932 1.5927
25.5628 28.1699 -3.10824
24.5669 28.1325 -3.11045
23.566 28.0954 -3.10851
22.5645 28.0643 -3.1225
22.5782 27.0411 -1.53083
22.6458 26.0595 -1.52766
22.6692 25.046 -1.53547
22.7078 24.0562 -1.5382
23.7175 24.1085 0.0148316
24.7307 24.1377 0.0451674
25.7336 24.1755 0.0463026
26.7509 24.2013 0.04105
27.7258 24.2444 0.0564361
28.7123 24.289 0.0416315
29.7295 24.3551 0.0450484
30.725 24.3919 0.0637866
30.6771 25.3541 1.65922
30.5944 26.388 1.61656
30.5536 27.3816 1.59833
30.5506 28.409 1.62832
31.5526 28.4667 0.028078
32.5496 28.4953 0.0269184
33.5674 28.5446 0.0306551
34.5609 28.5662 0.0370728
33.5315 28.5301 -3.11675
32.5508 28.503 -3.09237
31.557 28.4229 -3.08221
30.5582 28.3982 -3.10136
31.5472 28.4646 0.0364791
32.5483 28.4839 0.036065
33.5327 28.5229 0.0250661
34.5083 28.5539 0.0734131
34.4247 29.5629 1.61066
34.3838 30.5634 1.59649
34.4144 31.545 1.60815
34.3865 32.5578 1.58878
34.3834 31.5369 -1.5325
34.4077 30.5503 -1.51649
34.4897 29.5734 -1.53431
34.5392 28.5442 -1.54146
34.4744 29.5821 1.62361
34.3985 30.5486 1.60744
34.4249 31.5474 1.63054
34.3852 32.5476 1.62347
34.4306 31.5555 -1.53336
34.4663 30.5244 -1.52644
34.5326 29.5385 -1.51914
34.5745 28.5352 -1.51932
34.5203 29.5444 1.60597
34.4858 30.5434 1.60693
34.3925 31.5274 1.61143
34.3538 32.5197 1.64197
35.3398 32.5951 0.0421434
36.3368 32.6239 0.0224454
37.3582 32.6347 0.0438688
38.3784 32.7039 0.0192938
37.3796 32.6894 -3.12938
36.3444 32.6552 -3.12783
35.3512 32.5938 -3.10266
34.3639 32.5469 -3.08353
35.362 32.5901 0.0313485
36.3438 32.6303 0.0485416
37.3725 32.6666 0.0483578
38.3564 32.7048 0.0487839
37.33 32.6286 -3.09463
36.3633 32.5936 -3.11836
35.3636 32.5723 -3.12881
34.3672 32.5485 3.125
34.3907 33.559 1.61347
34.292 34.5548 1.64477
34.2325 35.5719 1.60839
34.1958 36.5378 1.60146
35.2168 36.5819 0.0091311
36.2374 36.6255 0.0290477
37.211 36.6627 0.0279593
38.2274 36.6872 0.0507447
38.2914 35.7213 -1.56328
38.2897 34.6931 -1.51819
38.3174 33.7028 -1.5253
38.3762 32.6968 -1.56119
39.3947 32.7354 0.0304602
40.3947 32.7967 0.04045
41.3686 32.8413 0.0544049
42.3579 32.87 0.0424457
42.3151 33.876 1.59564
42.2932 34.8702 1.57043
42.2743 35.8571 1.58108
42.2604 36.8557 1.6014
42.2629 35.8099 -1.58202
42.2527 34.8463 -1.55063
42.2909 33.8786 -1.54132
42.3621 32.8619 -1.51885
41.3494 32.8325 -3.09349
40.3669 32.7777 -3.10574
39.3794 32.7498 -3.10534
38.3507 32.6961 -3.08679
37.3597 32.6717 -3.09102
36.3788 32.5858 -3.11388
35.353 32.5535 -3.10953
34.3669 32.522 -3.08441
35.3776 32.5833 0.0255922
36.3808 32.6267 0.0264157
37.3754 32.6482 0.0346284
38.3722 32.6861 0.0357476
37.397 32.6325 -3.09631
36.3761 32.6235 -3.10231
35.3722 32.5859 -3.10617
34.3738 32.5492 -3.10464
35.3786 32.5949 0.060515
36.3575 32.6391 0.0318432
37.3726 32.6742 0.0465692
38.3824 32.6977 0.0535776
37.3533 32.6581 -3.10805
36.3826 32.6071 -3.09849
35.3475 32.5717 -3.10683
34.3587 32.5535 -3.09453
34.4179 31.5463 -1.52298
34.4394 30.5525 -1.52531
34.4872 29.5444 -1.5266
34.5576 28.5469 -1.50721
35.5549 28.5938 0.0266289
36.541 28.6375 0.0358308
37.5194 28.6751 0.0437124
38.4982 28.7193 0.0224675
38.4554 29.718 1.61576
38.4214 30.7374 1.58204
38.4054 31.6927 1.61908
38.3283 32.6794 1.64401
38.3782 31.6889 -1.52183
38.4296 30.7048 -1.53921
38.4777 29.7371 -1.53461
38.5297 28.7151 -1.53115
38.5839 27.7395 -1.52306
38.6427 26.7233 -1.5217
38.7085 25.7691 -1.498
38.7251 24.7362 -1.52552
38.7058 25.7329 1.62938
38.6247 26.7276 1.62025
38.5395 27.7205 1.63584
38.511 28.6813 1.63362
38.5633 27.7198 -1.51495
38.6136 26.7508 -1.48505
38.6788 25.762 -1.49185
38.7252 24.7485 -1.53423
39.684 24.8187 0.055351
40.6875 24.8549 0.0298654
41.7026 24.8976 0.0392828
42.731 24.9461 0.0483489
42.7717 23.914 -1.53115
42.8246 22.9261 -1.51358
42.8771 21.9178 -1.51992
42.9025 20.923 -1.53677
42.8945 21.8811 1.63504
42.8287 22.8373 1.61793
42.7817 23.9007 1.59979
42.7276 24.903 1.61537
41.7186 24.885 -3.09949
40.7344 24.8297 -3.09317
39.7019 24.7891 -3.10211
38.7369 24.7414 -3.10767
38.7592 23.7406 -1.52019
38.8022 22.7358 -1.51984
38.8541 21.7394 -1.51446
38.9244 20.7611 -1.50735
38.8437 21.7303 1.60319
38.8193 22.7296 1.63617
38.7593 23.7257 1.61453
38.7581 24.6981 1.6278
39.7414 24.788 0.0536348
40.7169 24.8783 0.0410495
41.7273 24.8853 0.0359106
42.7334 24.9215 0.0653944
42.7944 23.8943 -1.53921
42.821 22.9195 -1.53368
42.8735 21.9333 -1.52458
42.9124 20.9231 -1.53851
42.8991 21.9371 1.63772
42.8001 22.9518 1.61126
42.7683 23.9244 1.65837
42.6998 24.9465 1.62647
42.7759 23.9429 -1.50674
42.838 22.9434 -1.52257
42.899 21.9077 -1.53843
42.9329 20.9282 -1.51855
41.9134 20.8879 -3.09792
40.8965 20.8589 -3.08729
39.8884 20.8306 -3.06513
38.8719 20.7604 -3.09489
37.8774 20.6787 -3.09187
36.8867 20.6393 -3.08127
35.8662 20.5842 -3.08633
34.8741 20.5735 -3.0838
34.9277 19.5602 -1.51769
34.9764 18.5723 -1.50464
35.0188 17.5609 -1.50994
35.069 16.5878 -1.53963
34.0997 16.5432 -3.10331
33.081 16.4785 -3.10127
32.1052 16.4519 -3.10758
31.072 16.3921 -3.09605
31.1262 15.3891 -1.55018
31.1688 14.3938 -1.51273
31.2037 13.4038 -1.50078
31.28 12.3925 -1.52753
31.3055 11.4125 -1.55999
31.3202 10.4261 -1.5652
31.2928 9.41378 -1.58859
31.3443 8.43703 -1.57731
31.3378 9.43398 1.55668
31.3306 10.3978 1.60018
31.2938 11.4062 1.61116
31.2442 12.422 1.62021
32.2409 12.432 0.0599939
33.2355 12.4705 0.0715274
34.205 12.5257 0.0547534
35.184 12.6071 0.0529049
35.2302 11.5759 -1.55995
35.2431 10.5638 -1.5535
35.2893 9.53434 -1.56361
35.3272 8.56061 -1.54269
35.2901 9.59346 1.60893
35.2506 10.5988 1.59824
35.218 11.586 1.61558
35.1861 12.5528 1.62926
36.1852 12.5538 0.0718941
37.1843 12.6718 0.0464495
38.2038 12.7113 0.0292733
39.1747 12.7577 0.0377572
39.1211 13.7395 1.64913
39.0715 14.7409 1.60494
39.0606 15.7625 1.5977
39.0439 16.7555 1.62881
39.0777 15.7466 -1.55299
39.0771 14.7518 -1.54397
39.1292 13.7538 -1.54196
39.1837 12.7621 -1.53107
39.1261 13.751 1.60473
39.0874 14.7679 1.57245
39.0754 15.759 1.58441
39.0547 16.7143 1.60275
40.0798 16.7584 0.0282364
41.1172 16.7812 0.0494346
42.1222 16.8033 0.0684784
43.1131 16.9016 0.0687368
43.036 17.8837 1.61913
43.0198 18.9159 1.60615
42.9589 19.9141 1.59218
42.9411 20.9424 1.60352
41.9279 20.8837 -3.09745
40.9219 20.8478 -3.08249
39.9013 20.8173 -3.05907
38.9068 20.7596 -3.06508
38.9478 19.7696 -1.52304
38.9764 18.7491 -1.52578
39.0451 17.7324 -1.52583
39.1175 16.7208 -1.53062
40.0812 16.772 0.0265077
41.0712 16.7971 0.0430021
42.0575 16.8132 0.0321397
43.0586 16.8861 0.0547119
42.0788 16.8091 -3.10285
41.0745 16.7768 -3.12344
40.0758 16.7439 -3.13083
39.0753 16.7339 -3.11708
39.0515 17.7234 1.60045
39.0216 18.7119 1.62181
38.9832 19.7177 1.62573
38.914 20.7036 1.64295
39.9224 20.7878 0.0747608
40.8925 20.8922 0.045915
41.9164 20.9348 0.0283321
42.9231 20.946 0.0264536
41.9185 20.8923 -3.13027
40.9212 20.8765 -3.11921
39.9023 20.8213 -3.09498
38.898 20.756 -3.10615
38.8566 21.7292 1.58218
38.8114 22.7302 1.59403
38.7716 23.7058 1.63868
38.6665 24.7322 1.63747
39.6991 24.8381 0.0269099
40.6844 24.8568 0.0111121
41.6872 24.8694 0.0104337
42.6956 24.8837 0.0423646
41.7133 24.887 -3.10018
40.7171 24.8383 -3.11233
39.6884 24.7874 -3.13464
38.7034 24.7477 -3.09045
38.7938 23.7247 -1.52957
38.8128 22.7429 -1.5423
38.8345 21.7341 -1.56467
38.87 20.7403 -1.54765
38.8586 21.7668 1.6337
38.809 22.7336 1.61434
38.7627 23.7581 1.63348
38.7175 24.7609 1.61817
39.6931 24.8418 0.0389792
40.6973 24.8512 0.0334393
41.6977 24.8802 0.039073
42.7278 24.9069 0.0566509
42.6699 25.9008 1.62453
42.6138 26.8923 1.62002
42.5474 27.8953 1.63389
42.5256 28.8847 1.62332
41.5145 28.8401 -3.09202
40.5073 28.8076 -3.09539
39.5212 28.7859 -3.1174
38.4963 28.7127 -3.09544
39.5067 28.77 0.0424043
40.5073 28.7999 0.0476463
41.5196 28.8718 0.0296285
42.5218 28.8843 0.0473525
42.4727 29.8846 1.60712
42.4399 30.8803 1.60715
42.4141 31.8595 1.61952
42.3836 32.8615 1.59819
41.3841 32.7832 -3.1162
40.3647 32.7632 -3.12593
39.3277 32.7429 -3.13627
38.344 32.709 -3.10043
38.299 33.6993 1.61149
38.2622 34.6855 1.59377
38.2301 35.6709 1.60041
38.1942 36.6873 1.64281
37.2242 36.637 -3.08922
36.2093 36.5896 -3.09577
35.2241 36.5514 -3.1321
34.2301 36.576 -3.11104
34.2489 35.5493 -1.52221
34.308 34.5156 -1.51851
34.3236 33.5384 -1.52763
34.3656 32.5581 -1.53252
33.3299 32.5259 -3.08838
32.3569 32.486 -3.11964
31.3696 32.459 -3.10481
30.3519 32.4131 -3.12296
30.3564 33.4242 1.62606
30.2663 34.406 1.61035
30.2278 35.4154 1.61644
30.1791 36.3725 1.61108
31.1974 36.4691 0.0343191
32.2015 36.5154 0.0258076
33.1959 36.5249 0.0287109
34.1943 36.5706 0.033584
34.2475 35.5403 -1.52634
34.2814 34.5185 -1.54928
34.2771 33.5707 -1.54497
34.3517 32.5647 -1.51994
34.2921 33.5572 1.62119
34.2604 34.5366 1.60702
34.225 35.536 1.60233
34.2235 36.578 1.60933
35.2382 36.588 0.0221828
36.2449 36.5837 0.0188999
37.2201 36.6368 0.0423877
38.2278 36.6788 0.0473439
38.1781 37.6791 1.6237
38.1255 38.6704 1.62586
38.0612 39.6817 1.60653
38.0282 40.6394 1.60655
38.0769 39.6378 -1.509
38.1194 38.6163 -1.50505
38.1768 37.6677 -1.50766
38.2477 36.704 -1.5185
38.1504 37.6651 1.62653
38.1098 38.6761 1.6239
38.075 39.666 1.60501
38.0356 40.6691 1.61802
38.0797 39.6539 -1.53076
38.1335 38.6661 -1.52179
38.1814 37.6879 -1.53042
38.205 36.6901 -1.51045
38.1915 37.661 1.61268
38.1331 38.6644 1.63659
38.0664 39.6445 1.62884
38.0031 40.6614 1.6095
37.0313 40.6271 -3.08867
36.0168 40.57 -3.1065
35.0348 40.5558 -3.09351
34.0199 40.5133 -3.11228
35.025 40.5511 0.0274195
36.038 40.5551 0.0447042
37.043 40.6091 0.0555422
38.0118 40.6691 0.0577125
38.0709 39.6774 -1.53436
38.1156 38.6956 -1.53163
38.1558 37.6858 -1.53537
38.195 36.7038 -1.54102
38.1734 37.6837 1.61813
38.126 38.6994 1.62742
38.066 39.6759 1.63699
38.0014 40.6807 1.62459
37.0054 40.6269 -3.11753
35.9998 40.5891 -3.0971
35.0163 40.551 -3.11409
34.0489 40.512 -3.11176
34.016 41.5127 1.60917
33.9731 42.4898 1.60551
33.9531 43.495 1.60318
33.9158 44.5051 1.60465
34.9341 44.5246 0.02866
35.923 44.5439 0.0253669
36.9427 44.5887 0.0283584
37.9581 44.597 0.00676856
37.9691 43.6575 -1.57111
37.9688 42.644 -1.53468
37.9972 41.6427 -1.54588
38.0284 40.6543 -1.56059
39.052 40.6935 0.0308707
40.0634 40.739 0.0561398
41.054 40.7901 0.0899752
42.0059 40.8905 0.0621896
41.9847 41.9195 1.65393
41.8956 42.9035 1.65258
41.8155 43.9101 1.64678
41.7401 44.9016 1.66709
41.8328 43.9226 -1.49767
41.8966 42.9164 -1.50904
41.9866 41.909 -1.49561
42.0499 40.8953 -1.49761
42.1384 39.8934 -1.51931
42.1909 38.8789 -1.54797
42.2081 37.8995 -1.54745
42.2393 36.8946 -1.51502
41.2024 36.8626 -3.0857
40.1985 36.7978 -3.09173
39.2115 36.7438 -3.09258
38.2169 36.6916 -3.09241
38.2668 35.7214 -1.48646
38.3378 34.6978 -1.53894
38.3521 33.6841 -1.53593
38.372 32.6842 -1.54354
37.3445 32.6591 -3.11041
36.3468 32.6078 -3.11271
35.3714 32.5726 -3.10879
34.3919 32.5195 -3.093
34.4725 31.5798 -1.53311
34.4655 30.5693 -1.54689
34.5133 29.5625 -1.52812
34.536 28.5584 -1.54113
33.5575 28.5144 -3.12034
32.5506 28.4783 -3.10996
31.5683 28.4683 -3.10239
30.5645 28.4059 -3.10585
31.5437 28.432 0.0418853
32.5405 28.4993 0.0146474
33.5505 28.5277 0.0413556
34.5399 28.5569 0.0267299
34.5094 29.566 1.63964
34.4373 30.562 1.62709
34.3846 31.5575 1.59059
34.3587 32.5585 1.61695
33.3753 32.5109 -3.09358
32.392 32.4955 -3.08339
31.4004 32.4389 -3.10279
30.3555 32.424 -3.11116
30.3207 33.4319 1.6114
30.2761 34.4443 1.60923
30.2417 35.4227 1.62711
30.1961 36.395 1.61013
29.1933 36.3183 -3.12028
28.1812 36.2943 -3.10988
27.1876 36.305 -3.09657
26.192 36.2401 -3.12278
26.1448 37.254 1.58894
26.1183 38.2618 1.59798
26.0588 39.2467 1.61505
26.0056 40.2699 1.62164
25.0492 40.1827 -3.07671
24.025 40.0981 -3.11447
23.047 40.0445 -3.11409
22.0544 40.0332 -3.08745
23.0377 40.1051 0.0409242
24.0235 40.1657 0.0682325
25.0267 40.2568 0.0191352
26.0532 40.2651 0.0297022
25.0493 40.2281 -3.11016
24.0462 40.1915 -3.07099
23.0367 40.0998 -3.0915
22.0148 40.0632 -3.09803
23.0262 40.0779 0.0533025
24.0379 40.1501 0.0509818
25.0388 40.2016 0.0638528
26.0452 40.2595 0.0468757
26.0172 41.2242 1.62889
25.9597 42.2415 1.61304
25.9338 43.2213 1.60872
25.8936 44.2273 1.60234
25.9438 43.236 -1.54113
25.9565 42.2369 -1.50941
26.0445 41.1917 -1.52901
26.0575 40.2415 -1.54389
25.0524 40.2188 -3.07897
24.0661 40.1266 -3.09163
23.0475 40.0594 -3.08774
22.0406 40.0077 -3.08993
23.0457 40.0715 0.0920065
24.0254 40.1441 0.0590787
25.0334 40.1705 0.0409516
26.039 40.222 0.0370785
25.0603 40.2069 -3.08603
24.0281 40.1318 -3.08183
23.0317 40.0866 -3.06185
22.0498 40.0247 -3.06876
22.0224 41.0083 1.63324
21.9384 42.003 1.61782
21.8652 42.9991 1.60724
21.8479 43.9991 1.61517
21.9071 43.0106 -1.5191
21.9449 41.989 -1.50358
21.9988 40.9863 -1.52969
22.05 39.9978 -1.53058
21.9886 41.0228 1.6149
21.9198 42.0148 1.59259
21.8955 43.0031 1.59213
21.841 43.9997 1.5899
21.8823 43.012 -1.52159
21.9428 42.0059 -1.51516
21.9847 40.9983 -1.50922
22.0397 40.0171 -1.48167
23.0593 40.1102 0.0687794
24.022 40.1703 0.0409645
25.0656 40.2004 0.0594199
26.0549 40.2526 0.0203607
26.0968 39.2511 -1.53431
26.1324 38.2635 -1.55433
26.1338 37.2858 -1.52986
26.1857 36.2925 -1.54354
26.1667 37.2681 1.5993
26.1726 38.2301 1.60984
26.1041 39.2519 1.59502
26.0699 40.2613 1.60158
27.0557 40.2929 0.041832
28.0543 40.3241 0.0364066
29.0514 40.3567 0.0356105
30.043 40.3935 0.00943847
30.033 41.4351 1.59881
29.9781 42.4208 1.58621
29.9852 43.418 1.59284
29.9451 44.4135 1.58245
29.965 43.4421 -1.54295
29.9677 42.4314 -1.53857
30.0195 41.4075 -1.53837
30.0511 40.3975 -1.5105
29.0706 40.3603 -3.09274
28.0837 40.3184 -3.09668
27.0542 40.2828 -3.089
26.0886 40.2262 -3.10082
26.099 39.2352 -1.52669
26.1401 38.2621 -1.54821
26.1862 37.2651 -1.54262
26.2532 36.2705 -1.53334
27.216 36.3125 0.0247004
28.1901 36.336 0.0380165
29.1697 36.3833 0.0175268
30.185 36.3861 0.0240716
30.2109 35.4572 -1.51708
30.2696 34.4268 -1.51037
30.3399 33.4163 -1.52982
30.3711 32.4339 -1.51286
31.3781 32.4708 0.0262579
32.3702 32.4756 0.0334167
33.3883 32.4808 0.0355897
34.3895 32.5385 0.029091
34.3168 33.5137 1.61066
34.254 34.544 1.59947
34.2364 35.5447 1.59397
34.2075 36.5765 1.60368
33.2074 36.5224 -3.11065
32.2026 36.4804 -3.12646
31.2069 36.4806 -3.09813
30.2118 36.4217 -3.11049
30.2411 35.4412 -1.55184
30.2928 34.4003 -1.55121
30.3104 33.4412 -1.54305
30.388 32.4477 -1.53124
31.3905 32.4873 0.0214466
32.3998 32.5084 0.0157934
33.3948 32.5031 0.0149205
34.376 32.546 0.0257056
33.3812 32.5235 -3.12533
32.3546 32.5032 -3.11477
31.353 32.4567 -3.07928
30.3803 32.3925 -3.09998
30.3291 33.4311 1.58843
30.2791 34.4229 1.59774
30.2179 35.4152 1.6051
30.1983 36.4227 1.61373
30.2431 35.4207 -1.53246
30.2678 34.4188 -1.52892
30.3172 33.4305 -1.52637
30.361 32.4241 -1.53419
29.3482 32.3824 -3.10414
28.3841 32.3519 -3.10391
27.3529 32.2994 -3.09474
26.3498 32.2593 -3.08385
26.3113 33.2463 1.64358
26.2239 34.2461 1.61653
26.2088 35.2353 1.5947
26.1857 36.2684 1.61347
27.1897 36.3032 0.0583177
28.1963 36.3391 0.0486356
29.2107 36.378 0.0324357
30.1528 36.4258 0.0509988
29.1603 36.3323 -3.11562
28.1721 36.3087 -3.08793
27.2014 36.2675 -3.09194
26.181 36.2459 -3.11269
26.2168 35.2497 -1.55972
26.2064 34.2509 -1.51485
26.2962 33.2612 -1.50836
26.3494 32.245 -1.52467
27.3714 32.2747 0.0446141
28.3619 32.3565 0.0439591
29.3383 32.3788 0.0554107
30.3204 32.4644 0.0450519
30.2726 33.4888 1.60293
30.2574 34.4784 1.59137
30.2546 35.4275 1.59239
30.2057 36.428 1.60316
31.2028 36.4564 0.0446875
32.1941 36.4987 0.0260184
33.1888 36.522 0.0217773
34.1755 36.5496 0.0171283
34.1707 37.5425 1.59403
34.1424 38.5336 1.60512
34.1063 39.5336 1.61145
34.0749 40.5283 1.60487
34.0362 41.5444 1.59631
33.9959 42.5334 1.61107
33.9563 43.4953 1.58839
33.9152 44.4892 1.62117
34.8946 44.5498 0.0165712
35.9121 44.5553 0.0209243
36.917 44.5532 0.033081
37.9279 44.5811 0.02223
36.9202 44.5829 -3.10235
35.9089 44.5694 -3.10081
34.9088 44.5413 -3.13046
33.8981 44.4917 -3.11155
33.9571 43.4669 -1.56802
33.9805 42.4977 -1.55892
33.9863 41.5086 -1.52105
34.0599 40.5175 -1.54829
33.0565 40.4614 -3.10421
32.1032 40.418 -3.12112
31.0568 40.3855 -3.13183
30.0894 40.3943 -3.13009
30.122 39.4091 -1.53874
30.1554 38.4105 -1.51656
30.19 37.3884 -1.52732
30.215 36.3776 -1.52575
31.2111 36.4404 0.0482703
32.1931 36.4956 0.0411744
33.1901 36.5499 0.0280597
34.1748 36.5221 0.00771767
34.168 35.5143 -1.53803
34.2351 34.5416 -1.48258
34.3365 33.5548 -1.49164
34.3755 32.5581 -1.52816
35.3739 32.5929 0.0591509
36.3604 32.6229 0.0412589
37.3518 32.6807 0.0303765
38.34 32.7155 0.037992
38.3698 31.7122 -1.53755
38.4226 30.6954 -1.53773
38.458 29.705 -1.51191
38.495 28.734 -1.48959
38.5819 27.7383 -1.49521
38.6128 26.7238 -1.51609
38.6789 25.719 -1.51311
38.7074 24.7359 -1.51325
39.7168 24.7944 0.0515338
40.7133 24.7949 0.0665644
41.7101 24.8574 0.0455258
42.709 24.89 0.0626468
41.6867 24.828 -3.1103
40.703 24.82 -3.13223
39.6949 24.7636 -3.10285
38.6849 24.736 -3.08486
37.7138 24.6901 -3.08884
36.6953 24.6659 -3.10404
35.7071 24.6104 -3.09602
34.7081 24.5829 -3.0965
34.6734 25.5494 1.62952
34.612 26.5708 1.61528
34.5949 27.5745 1.60643
34.5543 28.5761 1.60342
34.5703 27.5775 -1.53676
34.5919 26.5705 -1.52424
34.6548 25.5521 -1.52738
34.7098 24.547 -1.5256
33.734 24.5268 -3.06931
32.7181 24.4689 -3.10481
31.7013 24.4187 -3.10329
30.7077 24.3709 -3.09653
30.6918 25.3936 1.65072
30.6093 26.3861 1.65198
30.5333 27.3659 1.63842
30.4923 28.374 1.62169
30.5324 27.3816 -1.51267
30.6408 26.3878 -1.52541
30.6827 25.3635 -1.52744
30.7139 24.375 -1.53748
31.7163 24.4235 0.0237641
32.725 24.4809 0.0366441
33.7273 24.5332 0.0332191
34.74 24.5575 0.0741035
35.7327 24.6189 0.0607357
36.6885 24.6645 0.0240223
37.7101 24.6677 0.0600847
38.7035 24.708 0.0471852
38.7689 23.7081 -1.51719
38.8149 22.6973 -1.53043
38.844 21.7332 -1.53527
38.8848 20.7492 -1.54021
38.9493 19.7529 -1.54161
38.9967 18.7315 -1.5466
39.0336 17.7397 -1.53164
39.0729 16.7308 -1.54005
38.0677 16.688 -3.09249
37.0669 16.6052 -3.09124
36.0744 16.579 -3.1038
35.0725 16.5565 -3.09947
35.0343 17.5554 1.60898
34.9845 18.5469 1.62589
34.922 19.5662 1.62785
34.8811 20.5486 1.61371
35.8867 20.6095 0.034281
36.8594 20.642 0.0189815
37.8856 20.6886 0.0488959
38.8954 20.7358 0.0499723
38.8493 21.7057 1.60425
38.7784 22.7064 1.60448
38.7535 23.7108 1.62021
38.7415 24.6794 1.62918
39.7122 24.7646 0.0592268
40.6787 24.8243 0.0573381
41.6949 24.8759 0.0582506
42.7013 24.9206 0.0439232
41.7199 24.8634 -3.08683
40.7365 24.8265 -3.08836
39.7469 24.769 -3.11007
38.7256 24.7461 -3.09294
38.629 25.7457 1.60448
38.6335 26.7181 1.60746
38.5766 27.7239 1.629
38.5117 28.7084 1.61266
37.5246 28.6482 -3.11443
36.5437 28.6254 -3.14077
35.5584 28.603 -3.09694
34.5822 28.5532 -3.07216
34.5049 29.5559 1.6039
34.4474 30.5294 1.61221
34.4311 31.512 1.62539
34.3639 32.5579 1.60154
33.359 32.5203 -3.12131
32.3654 32.4759 -3.09496
31.38 32.4496 -3.08339
30.3825 32.4251 -3.10937
31.3684 32.4492 0.0490686
32.3695 32.4887 0.0287698
33.3746 32.5249 0.0384113
34.3701 32.5388 0.0455668
33.3787 32.4912 -3.10676
32.3628 32.4825 -3.12776
31.3687 32.4639 -3.12753
30.3721 32.4368 -3.10156
30.4313 31.4564 -1.53968
30.4321 30.432 -1.51302
30.4872 29.4372 -1.53386
30.5372 28.4582 -1.51716
31.5391 28.4712 0.0335414
32.5572 28.4964 0.0311282
33.568 28.5246 0.0478247
34.5467 28.56 0.025577
34.5934 27.5812 -1.5534
34.6477 26.5663 -1.54996
34.6834 25.5726 -1.53255
34.7131 24.5775 -1.54996
34.7573 23.5655 -1.53235
34.8142 22.554 -1.55193
34.8276 21.5903 -1.51859
34.8762 20.5706 -1.52512
33.8914 20.5336 -3.06809
32.9361 20.4815 -3.08957
31.915 20.4549 -3.10399
30.8994 20.402 -3.10663
31.8928 20.4488 0.0386609
32.902 20.4697 0.0758016
33.849 20.5473 0.0612266
34.8789 20.5777 0.0548023
34.9488 19.5644 -1.51809
35.0153 18.5855 -1.52061
35.0605 17.5847 -1.54569
35.0597 16.5673 -1.53538
35.0402 17.5753 1.62985
34.9826 18.5853 1.62099
34.9151 19.6007 1.60431
34.892 20.5924 1.61305
33.8893 20.5552 -3.10873
32.8797 20.5077 -3.07619
31.905 20.4424 -3.09321
30.8936 20.4009 -3.08442
30.9546 19.4195 -1.53877
31.014 18.384 -1.52373
31.062 17.3942 -1.53515
31.106 16.4102 -1.52829
32.0624 16.4727 0.0112917
33.0928 16.5075 0.0422106
34.0673 16.5878 0.0153298
35.0265 16.6506 -0.0116692
36.0646 16.6716 -0.0136235
37.0673 16.6661 0.000356269
38.0563 16.6919 0.0251037
39.0359 16.7237 0.0239439
39.0582 15.7495 -1.54068
39.093 14.7529 -1.5489
39.1236 13.7408 -1.53448
39.1634 12.7511 -1.53218
40.1568 12.8197 0.0500687
41.1461 12.878 0.073453
42.1433 12.9123 0.0717677
43.1413 12.9718 0.0633373
43.1936 11.9789 -1.51706
43.2554 10.9556 -1.51874
43.3193 9.96231 -1.48414
43.3918 8.95885 -1.50912
43.3581 9.93283 1.6231
43.2706 10.9671 1.61508
43.2297 11.9629 1.62008
43.1475 12.9855 1.61638
42.1573 12.9106 -3.08093
41.1374 12.8559 -3.07578
40.1497 12.7859 -3.08071
39.1366 12.7658 -3.0806
39.193 11.7239 -1.52401
39.2557 10.7598 -1.52035
39.2891 9.76194 -1.51703
39.3338 8.75869 -1.5274
38.3308 8.71719 -3.10832
37.3304 8.67886 -3.10751
36.3648 8.6651 -3.08455
35.3547 8.60841 -3.07922
35.4005 7.61882 -1.53184
35.4275 6.60522 -1.52556
35.4711 5.59099 -1.52741
35.4938 4.64002 -1.5228
36.4718 4.68406 0.0495254
37.4807 4.70539 0.0421769
38.4629 4.7033 0.0535926
39.501 4.77139 0.0311008
38.4889 4.70825 -3.11579
37.5016 4.67401 -3.12244
36.5181 4.64174 -3.12069
35.5089 4.62029 -3.09392
35.5372 3.64182 -1.5293
35.5899 2.60857 -1.53906
35.5753 1.63821 -1.53936
35.6095 0.601114 -1.54662
34.6126 0.56097 -3.11782
33.6074 0.506658 -3.10812
32.6079 0.477853 -3.09529
31.5884 0.453877 -3.14086
31.5868 1.44032 1.57912
31.6065 2.39016 1.58358
31.5606 3.38844 1.60207
31.5633 4.41838 1.56351
31.5804 3.37772 -1.55378
31.6279 2.42059 -1.57545
31.6235 1.41625 -1.55702
31.6178 0.399494 -1.55692
30.6228 0.382465 -3.10529
29.6282 0.345455 -3.11046
28.6547 0.331186 -3.09408
27.6412 0.290573 -3.07952
27.6765 -0.760296 -1.51563
27.7057 -1.74872 -1.51476
27.7887 -2.79334 -1.54132
27.7955 -3.77078 -1.54336
28.796 -3.69986 0.0510457
29.8023 -3.63982 0.0479688
30.8015 -3.59195 0.0415087
31.804 -3.55259 0.0450077
31.7406 -2.56951 1.6044
31.689 -1.56561 1.61169
31.6559 -0.556826 1.62341
31.6176 0.440373 1.60084
32.6543 0.484801 0.0228346
33.6652 0.490262 0.0399791
34.6555 0.551181 0.0547226
35.6146 0.630009 0.0323342
35.5594 1.61341 1.57214
35.5348 2.63375 1.57271
35.58 3.62143 1.6135
35.5085 4.60921 1.62198
36.5056 4.65609 0.0378754
37.5133 4.68138 0.0441437
38.5481 4.71921 0.017914
39.4948 4.7546 0.0220217
39.5309 3.7552 -1.55487
39.5642 2.75881 -1.53782
39.5797 1.73458 -1.58223
39.6228 0.728595 -1.54917
39.602 1.74585 1.59033
39.5558 2.74007 1.59465
39.5157 3.77638 1.5796
39.5378 4.77132 1.60379
39.5179 5.78723 1.62286
39.4442 6.7665 1.63161
39.3744 7.74392 1.60865
39.3247 8.73497 1.5867
39.2872 9.7291 1.60722
39.2493 10.7554 1.6376
39.1997 11.7456 1.62961
39.1695 12.74 1.60554
38.1495 12.7078 -3.095
37.153 12.6773 -3.10005
36.1491 12.627 -3.09308
35.1705 12.602 -3.10026
35.1355 13.6153 1.59844
35.1181 14.5636 1.61543
35.0915 15.5462 1.62342
35.0818 16.5817 1.62425
34.0996 16.5782 -3.08692
33.1463 16.5099 -3.1093
32.1328 16.4394 -3.12474
31.1184 16.4347 -3.10649
31.1186 15.4264 -1.51994
31.1845 14.3726 -1.55016
31.1915 13.3702 -1.55522
31.1819 12.3926 -1.57139
31.2081 13.3968 1.61571
31.1508 14.3744 1.59018
31.104 15.3948 1.59825
31.089 16.4051 1.61854
32.0618 16.4492 0.0397197
33.0662 16.4958 0.0453412
34.076 16.563 0.0456928
35.0798 16.5879 0.0408767
34.1081 16.5559 -3.10246
33.0783 16.5058 -3.10797
32.0938 16.473 -3.10637
31.0968 16.4206 -3.08054
31.133 15.4334 -1.53148
31.2208 14.4413 -1.55714
31.2404 13.4209 -1.5513
31.2973 12.4113 -1.54276
30.2947 12.3831 -3.09885
29.315 12.3361 -3.10258
28.3082 12.3102 -3.10965
27.3062 12.2915 -3.07165
27.245 13.2822 1.62651
27.2123 14.2821 1.64161
27.1574 15.2915 1.65629
27.0955 16.2929 1.62294
27.0588 17.2777 1.61711
26.9817 18.2634 1.62071
26.9422 19.2877 1.62
26.9312 20.2677 1.64587
26.9796 19.252 -1.52132
27.0086 18.2732 -1.53606
27.0454 17.294 -1.54074
27.0962 16.2791 -1.55119
28.0983 16.3229 0.054553
29.1036 16.37 0.0383709
30.0735 16.4088 0.0242735
31.0998 16.4329 0.0335823
32.0885 16.4455 0.0314113
33.019 16.4578 0.0692164
34.0748 16.5281 0.0624513
35.1006 16.5891 0.051014
34.0917 16.5083 -3.08536
33.087 16.4749 -3.0958
32.0823 16.4647 -3.10495
31.0838 16.4186 -3.11854
32.0893 16.4641 0.0102144
33.1036 16.4823 0.0318116
34.0739 16.5595 0.0257226
35.0715 16.5631 0.0148067
34.0728 16.5285 -3.12311
33.0761 16.4861 -3.09655
32.0508 16.4418 -3.09061
31.092 16.3443 -3.12725
31.0813 17.3744 1.62033
31.0379 18.384 1.62026
30.9942 19.3866 1.62523
30.9208 20.3901 1.61135
31.8833 20.4498 0.0398058
32.8717 20.4917 0.0408392
33.8526 20.5018 0.0474659
34.8769 20.5661 0.0391697
34.8385 21.5624 1.60527
34.8018 22.5393 1.61688
34.7896 23.5608 1.64555
34.6875 24.543 1.62575
34.7676 23.5734 -1.5357
34.7996 22.5928 -1.52223
34.8561 21.5778 -1.52761
34.8831 20.5913 -1.52023
33.8913 20.5341 -3.09448
32.8714 20.4918 -3.09969
31.8851 20.4471 -3.10923
30.904 20.3881 -3.0797
30.9551 19.3918 -1.50753
31.0075 18.3746 -1.50162
31.0643 17.3878 -1.55249
31.0782 16.411 -1.5337
31.0611 17.4159 1.61542
30.9926 18.4128 1.61193
30.9449 19.3953 1.64151
30.9026 20.4141 1.59464
31.8865 20.4426 0.0317559
32.9157 20.4957 0.039901
33.8602 20.5093 0.0321244
34.8689 20.553 0.0232048
33.8822 20.5392 -3.09377
32.8679 20.4773 -3.11402
31.8608 20.4421 -3.11021
30.8956 20.4143 -3.09359
30.847 21.3962 1.60728
30.7946 22.4089 1.61459
30.776 23.3836 1.62807
30.7435 24.3687 1.6153
30.7745 23.3736 -1.4932
30.8292 22.4059 -1.51618
30.8639 21.4078 -1.52574
30.9045 20.3823 -1.52694
30.8648 21.386 1.60519
30.8123 22.4089 1.6362
30.7714 23.3663 1.60989
30.7034 24.3651 1.64339
31.6711 24.4205 0.0563549
32.692 24.4738 0.00605826
33.7163 24.467 0.0156805
34.712 24.5358 0.0415953
33.6951 24.5128 -3.10327
32.7136 24.483 -3.08801
31.7365 24.423 -3.11276
30.7195 24.3927 -3.0813
30.6809 25.3915 1.62901
30.5925 26.3932 1.63223
30.5244 27.3813 1.59764
30.5207 28.4104 1.61624
29.5344 28.369 -3.08953
28.5364 28.2959 -3.08599
27.5423 28.2181 -3.09965
26.5314 28.2043 -3.09812
26.5997 27.1873 -1.53279
26.6224 26.166 -1.51391
26.6526 25.1755 -1.50633
26.7146 24.2116 -1.52589
26.684 25.1896 1.65235
26.6204 26.1705 1.62262
26.5454 27.1934 1.58625
26.4869 28.1922 1.64388
26.5301 27.2162 -1.50808
26.5932 26.1809 -1.49075
26.6852 25.195 -1.49602
26.7434 24.1893 -1.51017
26.6755 25.2098 1.63441
26.6072 26.1717 1.62849
26.552 27.1539 1.62812
26.5069 28.2105 1.60969
27.5289 28.2434 0.0460769
28.4955 28.2831 0.0649499
29.5023 28.347 0.0664052
30.5415 28.4049 0.0521036
31.5424 28.4707 0.0584881
32.5408 28.5304 0.0347698
33.5593 28.5376 0.0404541
34.5285 28.5621 0.0278038
33.558 28.5227 -3.11266
32.5454 28.4971 -3.10558
31.5211 28.4459 -3.1148
30.5353 28.4237 -3.11715
31.563 28.4438 0.025253
32.5488 28.4603 0.0570645
33.5542 28.5146 0.0581029
34.5631 28.5476 0.0833506
34.5172 29.5531 1.64534
34.4085 30.5566 1.6504
34.3601 31.5599 1.59822
34.3538 32.569 1.61271
34.4004 31.5729 -1.52532
34.4394 30.5594 -1.53943
34.4892 29.5469 -1.52919
34.5486 28.5557 -1.52623
34.5206 29.5511 1.61948
34.4656 30.5585 1.61031
34.4149 31.5287 1.62023
34.3552 32.546 1.59316
35.3661 32.5697 0.0335376
36.3843 32.5863 0.0402881
37.3917 32.6589 0.0559965
38.3944 32.6862 0.0294779
38.4175 31.6804 -1.54342
38.4431 30.683 -1.54307
38.4716 29.693 -1.51317
38.525 28.6837 -1.53286
38.5094 29.7231 1.61946
38.4388 30.7046 1.62079
38.4196 31.6998 1.61661
38.3872 32.721 1.63975
38.3214 33.7056 1.60725
38.2834 34.661 1.60341
38.229 35.6873 1.61039
38.1972 36.6901 1.60601
37.2225 36.6387 -3.10997
36.2153 36.6249 -3.10502
35.189 36.5842 -3.09978
34.1866 36.5288 -3.09539
34.2307 35.5142 -1.53628
34.2078 34.5124 -1.54093
34.2558 33.5042 -1.53716
34.3105 32.5292 -1.51891
34.2589 33.4985 1.59664
34.1899 34.5139 1.57762
34.203 35.5018 1.5768
34.1904 36.5408 1.60433
35.2102 36.6042 0.0081597
36.2261 36.6048 0.0193829
37.2373 36.6613 0.0478895
38.2437 36.6955 0.0625414
38.161 37.698 1.61447
38.1258 38.6784 1.61551
38.0628 39.6699 1.61722
38.0233 40.6705 1.61011
38.0725 39.6512 -1.54956
38.1244 38.6506 -1.53491
38.1465 37.6641 -1.52949
38.2051 36.686 -1.53311
37.2097 36.6371 -3.10186
36.196 36.6391 -3.07886
35.165 36.5689 -3.0971
34.1675 36.553 -3.09382
35.1687 36.5447 0.0423882
36.2052 36.5842 0.0176589
37.1924 36.6418 0.0504759
38.2046 36.6809 0.0398958
38.1872 37.6898 1.61559
38.1295 38.6918 1.63469
38.0821 39.6485 1.59025
38.0469 40.6446 1.61267
37.0328 40.6209 -3.09763
36.0275 40.5902 -3.10121
35.02 40.5616 -3.11035
34.0483 40.5154 -3.10457
34.0805 39.545 -1.56404
34.0907 38.5239 -1.54686
34.139 37.5156 -1.52595
34.2165 36.5106 -1.52542
34.1665 37.5563 1.5988
34.1272 38.5382 1.61007
34.0881 39.5552 1.58951
34.073 40.5118 1.58786
33.1013 40.4705 -3.0961
32.0607 40.4471 -3.11303
31.0681 40.4046 -3.11948
30.0703 40.3926 -3.11099
31.0433 40.4033 0.047564
32.0614 40.4346 0.0268501
33.0409 40.465 0.0418435
34.0492 40.5065 0.045879
33.0675 40.4552 -3.105
32.083 40.4273 -3.1104
31.0571 40.4207 3.13635
30.0882 40.403 3.13527
30.0889 39.3879 -1.54927
30.1298 38.3928 -1.52999
30.1508 37.3826 -1.52646
30.222 36.3916 -1.51418
30.1902 37.4293 1.60481
30.1758 38.4198 1.6204
30.1632 39.4172 1.61982
30.1189 40.4185 1.62387
30.1669 39.4037 -1.53297
30.136 38.3994 -1.5282
30.1769 37.376 -1.53636
30.2128 36.3944 -1.53265
29.1968 36.3747 -3.08767
28.1965 36.3344 -3.10234
27.2204 36.277 -3.11665
26.1905 36.258 -3.12091
26.1888 37.2852 1.59921
26.1464 38.2663 1.61356
26.0975 39.2649 1.60714
26.0763 40.2497 1.61568
26.105 39.2518 -1.54625
26.1256 38.2869 -1.54434
26.1321 37.3065 -1.55322
26.1762 36.2982 -1.53309
26.1464 37.2899 1.57823
26.1232 38.2793 1.61619
26.0786 39.2603 1.60538
26.0461 40.2335 1.59956
26.0133 41.228 1.60177
26.0057 42.2304 1.62422
25.9685 43.2087 1.59475
25.8976 44.2152 1.59408
24.8837 44.1414 -3.11894
23.8623 44.1142 -3.10589
22.8918 44.0577 -3.10692
21.8748 44.0167 -3.10027
21.914 43.0212 -1.53947
21.962 42.0448 -1.52683
22.0091 41.0357 -1.5224
22.0551 40.0305 -1.50663
21.9841 41.0298 1.62814
21.9544 42.0206 1.62593
21.9129 43.0173 1.6001
21.9099 44.0483 1.65047
20.8797 43.9687 -3.07926
19.8593 43.9031 -3.0916
18.854 43.8374 -3.09891
17.8632 43.7926 -3.08924
17.9291 42.8298 -1.49632
18.0032 41.8581 -1.54888
18.0302 40.873 -1.53815
18.0636 39.9039 -1.53257
18.0549 40.8823 1.62849
18.0159 41.85 1.63475
17.9656 42.8778 1.63675
17.9044 43.861 1.62861
16.8984 43.7942 -3.0541
15.9191 43.7261 -3.07374
14.9046 43.6948 -3.08844
13.9073 43.6176 -3.08795
14.8796 43.6524 0.0747048
15.8807 43.7518 0.0538714
16.9089 43.7972 0.0377566
17.906 43.8288 0.0545812
16.8988 43.767 -3.06751
15.9226 43.7044 -3.09263
14.9176 43.6796 -3.11099
13.9173 43.6401 -3.09453
13.9729 42.6162 -1.53969
14.0062 41.6262 -1.53298
14.0199 40.6411 -1.54548
14.0377 39.6277 -1.52954
14.0115 40.6412 1.61995
13.9743 41.6146 1.61307
13.937 42.616 1.61712
13.888 43.6313 1.61876
13.967 42.6089 -1.53354
14.0025 41.6074 -1.53094
14.0487 40.6221 -1.50257
14.1257 39.6515 -1.4995
15.0984 39.7131 0.0687682
16.0749 39.7656 0.0398594
17.0491 39.832 0.0303961
18.0597 39.8657 0.0262873
18.0767 38.8917 -1.53114
18.1315 37.8642 -1.53603
18.1747 36.8465 -1.49159
18.258 35.8444 -1.46695
18.1668 36.8633 1.61304
18.1315 37.8548 1.60676
18.116 38.8872 1.60156
18.0803 39.8469 1.6289
19.0731 39.8942 0.0397222
20.0578 39.9144 0.0435955
21.0679 39.9623 0.0433303
22.0732 40.0069 0.0396483
21.0858 39.9727 -3.10515
20.0863 39.9693 -3.1106
19.0534 39.9238 -3.09579
18.0521 39.852 -3.11201
18.1125 38.8604 -1.53292
18.1399 37.8548 -1.5512
18.17 36.8528 -1.54526
18.1857 35.8074 -1.55565
18.1874 36.7931 1.6095
18.1622 37.7954 1.6055
18.1081 38.8465 1.59536
18.0617 39.849 1.61567
19.058 39.8961 0.0477284
20.0943 39.9543 0.0256001
21.0602 39.9743 0.0288953
22.0571 39.9936 0.042641
21.0688 39.9692 -3.1127
20.0528 39.9476 -3.10919
19.0469 39.9321 -3.11987
18.0383 39.8943 -3.10802
18.0152 40.8708 1.61741
17.9936 41.8367 1.60717
17.9634 42.8283 1.63234
17.9043 43.8363 1.62466
17.9016 42.8514 -1.48919
17.9416 41.8771 -1.51672
18.0211 40.8573 -1.51401
18.0991 39.8687 -1.51167
19.062 39.8931 0.0446556
20.0608 39.9404 0.0395216
21.0521 39.9593 0.0331364
22.0624 39.9824 0.0287871
21.0876 39.9551 -3.09702
20.0877 39.9129 -3.10995
19.0517 39.9119 -3.11527
18.0481 39.8535 -3.11242
18.0105 40.8323 1.59153
17.9851 41.8416 1.59891
17.9445 42.8269 1.61453
17.9078 43.8325 1.60291
17.9499 42.8343 -1.53936
17.992 41.7988 -1.53959
18.0522 40.8181 -1.51566
18.1611 39.8484 -1.49084
18.1095 40.8629 1.62165
18.0237 41.8386 1.64802
17.964 42.8205 1.63638
17.8577 43.819 1.59871
16.9052 43.7842 -3.11703
15.8986 43.7558 -3.09799
14.905 43.6992 -3.07876
13.9165 43.6341 -3.09018
13.9801 42.6307 -1.53759
13.9976 41.6055 -1.5365
14.0282 40.6078 -1.53944
14.0631 39.6104 -1.53469
13.0567 39.5747 -3.08529
12.0636 39.5518 -3.08712
11.0653 39.4742 -3.07449
10.0887 39.4228 -3.03921
11.0962 39.5571 0.0426577
12.1028 39.5944 0.0372098
13.0895 39.6238 0.0580158
14.077 39.666 0.0442489
14.0081 40.6597 1.59496
14.0175 41.6421 1.59255
13.973 42.6615 1.61557
13.8982 43.6618 1.60017
14.9129 43.6741 0.0447316
15.8973 43.7229 0.0426002
16.8832 43.7549 0.0631876
17.8704 43.8103 0.0286336
16.9204 43.7628 -3.09547
15.8877 43.707 -3.11229
14.8949 43.6975 -3.1027
13.8749 43.6325 -3.08812
13.9225 42.6162 -1.52653
13.9901 41.6175 -1.51634
14.042 40.5826 -1.53274
14.0794 39.6199 -1.52646
15.0708 39.6964 0.0784894
16.0543 39.8026 0.0488143
17.0637 39.8387 0.0383044
18.0644 39.863 0.0291947
18.0056 40.8518 1.59791
17.9852 41.8664 1.6021
17.9531 42.8523 1.62264
17.9289 43.8343 1.62358
16.9009 43.7861 -3.1214
15.9065 43.7424 -3.09229
14.9265 43.6672 -3.09821
13.9311 43.6074 -3.09797
13.946 42.6091 -1.5245
13.9992 41.601 -1.52691
14.0185 40.5889 -1.53335
14.0448 39.6138 -1.53591
13.0496 39.6018 -3.11153
12.0422 39.5359 -3.08827
11.0189 39.4962 -3.0662
10.0291 39.4242 -3.05212
11.0283 39.5116 0.0553265
12.0161 39.5759 0.0279927
13.0093 39.6208 0.0276449
14.058 39.6685 0.0427513
14.0143 40.6278 1.60793
13.9852 41.6438 1.61245
13.9665 42.6342 1.63373
13.9102 43.6165 1.63062
14.9308 43.6697 0.035625
15.9271 43.7347 0.0340324
16.9222 43.7622 0.0344603
17.908 43.7953 0.0760612
18.8933 43.8309 0.0576825
19.8712 43.8861 0.055104
20.878 43.9351 0.0558864
21.8534 44.0109 0.0416174
21.9116 43.0245 -1.51773
21.9465 42.0086 -1.53309
22.0026 41.0115 -1.52166
22.0632 40.0064 -1.54189
21.0653 39.9537 -3.09706
20.0723 39.9518 -3.10853
19.0652 39.909 -3.07868
18.1065 39.854 -3.08283
18.0235 40.8366 1.60951
17.9667 41.8422 1.63604
17.9147 42.8217 1.59935
17.8796 43.8206 1.58155
18.8896 43.8453 0.0191961
19.8773 43.9085 0.0251416
20.8691 43.9526 0.0280653
21.868 43.9818 0.0489368
20.8633 43.9538 -3.10949
19.8607 43.931 -3.10893
18.872 43.8797 -3.0881
17.8861 43.8064 -3.13237
17.9251 42.825 -1.53354
17.983 41.8703 -1.53555
18.0291 40.8424 -1.52932
18.0734 39.852 -1.53728
17.1045 39.8207 -3.05711
16.0838 39.7507 -3.08784
15.0724 39.7277 -3.08831
14.0923 39.6807 -3.08978
15.1063 39.7647 0.0531856
16.0812 39.7564 0.0342577
17.0677 39.8057 0.0283366
18.0926 39.8334 0.0331659
17.0842 39.8013 -3.1145
16.0894 39.7398 -3.10317
15.0902 39.7437 -3.098
14.1125 39.6881 -3.10705
14.1329 38.6596 -1.5504
14.1584 37.6188 -1.56441
14.1846 36.5712 -1.5089
14.2446 35.5983 -1.53897
13.2583 35.5985 -3.10218
12.2629 35.5866 -3.08232
11.2514 35.534 -3.08186
10.2495 35.4946 -3.07927
10.2123 36.4544 1.61807
10.1805 37.4437 1.6207
10.1019 38.4606 1.62378
10.0349 39.4662 1.63193
10.1294 38.4631 -1.52081
10.1889 37.5016 -1.52387
10.2302 36.4547 -1.52946
10.2691 35.4618 -1.52583
9.23979 35.4192 -3.08902
8.26968 35.3672 -3.0759
7.26057 35.2916 -3.07073
6.27349 35.2343 -3.07969
6.22033 36.2262 1.63256
6.14425 37.2389 1.63294
6.06852 38.2064 1.65424
6.00171 39.2094 1.65766
6.08859 38.1956 -1.50807
6.1599 37.2137 -1.52228
6.20619 36.2231 -1.50772
6.2739 35.2335 -1.49973
5.27888 35.1776 -3.07988
4.31081 35.0961 -3.08269
3.3142 35.0056 -3.09155
2.32205 34.9888 -3.06544
2.37817 33.9961 -1.50572
2.44889 32.9915 -1.50775
2.53232 31.9863 -1.5092
2.59137 30.9908 -1.50479
2.54678 32.0112 1.64135
2.44828 33.031 1.64161
2.38078 34.0146 1.61353
2.34934 35.0056 1.63674
2.41885 33.9989 -1.51041
2.51383 32.9756 -1.51598
2.59603 31.9946 -1.53966
2.62137 31.0119 -1.52112
2.58338 31.9929 1.64458
2.5269 32.998 1.6505
2.41818 34.013 1.65348
2.35817 35.0003 1.63267
1.36205 34.9 -3.09378
0.354299 34.8529 -3.07571
-0.629405 34.8021 -3.06773
-1.57577 34.7163 -3.05746
-1.51875 33.7645 -1.50341
-1.46478 32.7869 -1.52581
-1.39603 31.7645 -1.48687
-1.30045 30.7659 -1.51691
-2.27649 30.7036 -3.08907
-3.27509 30.6354 -3.11637
-4.23697 30.6088 -3.09972
-5.21627 30.5985 -3.11423
-5.18351 29.5788 -1.55996
-5.16009 28.5816 -1.52592
-5.09591 27.5734 -1.50611
-5.03662 26.5827 -1.48341
-6.04131 26.496 -3.06429
-6.98928 26.4047 -3.05271
-8.01028 26.3175 -3.0576
-9.00861 26.2148 -3.06497
-10.0127 26.1788 -3.06805
-11.0131 26.1262 -3.08882
-12.0189 26.0587 -3.08451
-13.0235 25.9746 -3.07889
-13.0776 26.9676 1.64458
-13.1524 27.9337 1.64224
-13.2457 28.8943 1.64446
-13.3147 29.8993 1.64633
-12.2763 30.0047 0.0923523
-11.2873 30.0981 0.0804436
-10.2882 30.2173 0.0505466
-9.26283 30.2838 0.061766
-9.35507 31.3009 1.64621
-9.41335 32.2959 1.65125
-9.49994 33.2884 1.65224
-9.56112 34.2581 1.64168
-9.45634 33.2458 -1.5015
-9.40909 32.2471 -1.49339
-9.32976 31.2588 -1.51117
-9.2895 30.2863 -1.48793
-8.28358 30.3392 0.0777917
-7.27763 30.4128 0.0621387
-6.27805 30.4895 0.0558313
-5.27351 30.5354 0.0447001
-5.20138 29.5652 -1.52941
-5.17059 28.5634 -1.5214
-5.12193 27.5774 -1.49801
-5.02485 26.5848 -1.49539
-6.02243 26.5122 -3.05892
-7.02768 26.4089 -3.04485
-8.01941 26.2742 -3.04046
-9.01991 26.2356 -3.06159
-8.93956 25.2291 -1.47633
-8.84556 24.2409 -1.49893
-8.78961 23.2349 -1.49069
-8.71177 22.2507 -1.48709
-7.73213 22.3401 0.0759123
-6.71831 22.3736 0.104001
-5.70308 22.4917 0.0727404
-4.72611 22.5746 0.0706208
-4.80872 23.5825 1.66401
-4.87295 24.5879 1.64109
-4.94838 25.5714 1.65055
-5.00325 26.5625 1.66357
-3.99838 26.6629 0.101398
-2.95547 26.8107 0.0688361
-1.97087 26.9122 0.0608265
-1.00233 26.9643 0.0810495
-0.936713 25.9675 -1.47636
-0.84313 24.9631 -1.52035
-0.790696 23.9785 -1.51564
-0.718994 22.9712 -1.53153
-0.693611 21.958 -1.55229
-0.64155 20.9661 -1.578
-0.670555 19.9302 -1.54458
-0.636574 18.9918 -1.51255
-1.62937 18.9454 -3.12204
-2.60606 18.9639 -3.1225
-3.61653 18.9369 -3.09919
-4.62135 18.8966 -3.11032
-4.58684 17.8674 -1.55034
-4.56068 16.8977 -1.53934
-4.54158 15.8764 -1.55031
-4.49973 14.8765 -1.54829
-3.49352 14.8541 0.039287
-2.51171 14.8731 0.0802684
-1.49193 14.9879 0.0234266
-0.504158 14.9798 0.0257716
-1.51501 14.978 -3.12809
-2.51357 14.9087 3.13656
-3.50519 14.9375 -3.12789
-4.48887 14.9131 -3.13408
-3.50304 14.9242 0.00594863
-2.51695 14.9402 0.0237962
-1.52431 14.918 0.0175722
-0.527075 14.9774 0.0203081
-1.54555 14.9933 -3.10912
-2.52569 14.9773 -3.11703
-3.49698 14.9248 -3.13475
-4.50002 14.917 -3.12669
-4.49133 13.9073 -1.56708
-4.46252 12.9172 -1.56619
-4.4375 11.8878 -1.52791
-4.40458 10.9048 -1.53637
-3.39809 10.9186 0.0296788
-2.3785 10.9346 0.0458486
-1.36686 10.9695 0.0247867
-0.3668 11.0019 0.0398291
-1.36792 10.9742 -3.10072
-2.37121 10.9577 -3.09707
-3.38067 10.9367 -3.09375
-4.39413 10.8905 -3.09653
-4.35033 9.89701 -1.4896
-4.29726 8.89542 -1.53161
-4.27906 7.91804 -1.52094
-4.21269 6.94291 -1.54156
-5.17081 6.88502 -3.11922
-6.1717 6.86071 -3.1296
-7.16221 6.85341 -3.09967
-8.16998 6.81743 -3.11288
-8.13182 5.82521 -1.55251
-8.1224 4.81028 -1.53691
-8.11803 3.83407 -1.53975
-8.09201 2.84075 -1.57076
-7.09301 2.83634 0.0205799
-6.1037 2.8506 0.0482348
-5.13516 2.91581 0.0103068
-4.18078 2.92938 0.0204657
-4.12257 1.91551 -1.52753
-4.08315 0.922725 -1.53121
-4.03793 -0.100988 -1.55374
-4.03572 -1.14211 -1.54782
-3.01902 -1.08979 0.0400014
-1.99008 -1.04187 0.0451095
-1.00276 -1.01466 0.0486259
-0.0199998 -1.01346 0.0310368
-0.037817 -0.0188947 1.60259
-0.0496109 0.976736 1.58974
-0.0396109 1.98969 1.60733
-0.0635469 3.0162 1.58477
-0.104793 4.03054 1.58326
-0.105591 5.03496 1.60999
-0.18606 6.05089 1.58021
-0.238747 7.03594 1.58595
0.765438 7.04652 0.0198167
1.7555 7.06692 0.0273525
2.77012 7.07993 0.0316294
3.75651 7.1327 0.0522155
2.76738 7.07695 -3.09477
1.76032 7.05694 -3.11448
0.746391 6.99957 -3.09854
-0.278839 6.9407 -3.09062
0.730676 6.99178 0.0556435
1.73856 7.0344 0.0292228
2.72962 7.06275 0.0248631
3.74264 7.07596 0.0391079
3.80187 6.08505 -1.52979
3.8398 5.13034 -1.51289
3.89763 4.12719 -1.51976
3.93779 3.11025 -1.52539
4.89629 3.16551 0.0261689
5.92491 3.17075 0.0259334
6.92389 3.19167 0.0504044
7.897 3.25756 0.0469963
6.91823 3.20733 -3.11413
5.91688 3.1945 -3.11606
4.93061 3.16739 -3.09546
3.9633 3.10137 -3.07487
3.87141 4.08748 1.63562
3.81759 5.10802 1.6177
3.78123 6.12886 1.58372
3.75626 7.15049 1.60101
2.76688 7.07217 -3.11528
1.7916 7.04999 -3.10082
0.789057 7.01884 -3.12712
-0.203938 7.00581 -3.10532
-0.264046 7.99991 1.59798
-0.299145 8.99467 1.604
-0.330909 9.99274 1.58342
-0.34901 10.9991 1.59953
-0.327226 9.99479 -1.55473
-0.309206 9.00516 -1.5499
-0.241967 8.03675 -1.56286
-0.2423 6.97995 -1.53148
0.752619 7.00265 0.0355712
1.75508 7.04912 0.0580039
2.74724 7.1326 0.0111161
3.74685 7.14287 0.0346293
3.81892 6.14255 -1.54473
3.83244 5.14393 -1.51981
3.88462 4.1247 -1.52695
3.91622 3.11958 -1.52804
3.88333 4.14476 1.60342
3.84734 5.13669 1.61339
3.77329 6.14261 1.60183
3.76547 7.13101 1.60358
3.79171 6.13975 -1.50288
3.84049 5.12185 -1.5147
3.88915 4.13153 -1.52133
3.93778 3.1386 -1.51422
3.89092 4.13541 1.61479
3.83644 5.15784 1.63538
3.8189 6.18099 1.64915
3.70662 7.1385 1.60482
3.75925 6.16091 -1.53855
3.82782 5.12473 -1.50215
3.90109 4.11468 -1.51126
3.91981 3.12683 -1.50373
4.92891 3.18339 0.0291755
5.90362 3.1988 0.0357535
6.91136 3.22675 0.00416538
7.9266 3.24577 0.00494199
7.9435 2.25239 -1.55881
7.98634 1.23767 -1.54894
8.02256 0.237538 -1.55439
8.06056 -0.782882 -1.55188
7.06251 -0.799495 -3.123
6.038 -0.793706 -3.1188
5.04973 -0.794863 -3.13065
4.0605 -0.819618 -3.11306
3.02913 -0.857497 -3.09548
2.03727 -0.889261 -3.0717
1.03377 -0.941649 -3.08397
0.00987873 -0.966273 -3.10383
1.03267 -0.949797 0.0496318
2.01727 -0.921827 0.0526578
3.02975 -0.854211 0.0339491
4.05031 -0.836119 0.0274665
3.04198 -0.863785 -3.10495
2.06466 -0.886619 -3.07165
1.05322 -0.973342 -3.08531
0.0701876 -1.01359 -3.08397
0.00823692 -0.00442972 1.59638
0.00488936 0.977126 1.59884
-0.0537336 1.97103 1.58366
-0.0590299 3.01669 1.54971
-0.0679865 2.0084 -1.59347
-0.0805889 1.0127 -1.55943
-0.0283235 -0.001503 -1.55124
-0.037419 -1.01206 -1.56683
-0.0341311 -0.0128667 1.5702
-0.0466383 0.99931 1.56784
-0.0723893 2.00933 1.59175
-0.090718 3.01306 1.57714
-0.0697341 2.04017 -1.54315
-0.0566253 1.02988 -1.52075
0.00436417 0.00117871 -1.53102
0.0749032 -0.996984 -1.52972
0.0062962 0.0105577 1.59411
-0.0228293 1.01515 1.601
-0.0608708 1.97283 1.59096
-0.0597792 2.98362 1.59974
0.911725 3.0476 0.00869249
1.93355 3.06382 0.00979377
2.92926 3.08186 0.0207886
3.92145 3.11357 0.0335388
2.93853 3.06695 -3.12316
1.9446 3.0618 -3.12605
0.940689 3.05035 -3.10215
-0.0663785 3.02521 -3.13719
0.924338 3.04953 0.0352604
1.94346 3.07003 0.0218012
2.94443 3.09785 0.0400791
3.93089 3.12116 0.0498399
2.93946 3.1296 -3.08957
1.92547 3.08442 -3.12203
0.915828 3.04815 -3.12504
-0.0905979 3.02109 -3.13372
-0.101741 4.02973 1.60918
-0.130991 5.04874 1.62551
-0.210784 6.05257 1.62951
-0.271279 7.06607 1.62052
-0.223839 6.0495 -1.51495
-0.159898 5.03572 -1.53968
-0.121296 4.03502 -1.52453
-0.091197 3.0086 -1.5257
-0.131118 4.03455 1.6252
-0.197001 5.03496 1.59361
-0.202358 6.04142 1.61513
-0.240678 7.03468 1.566
0.76332 7.02146 0.0175681
1.74292 7.05437 0.0337015
2.75241 7.07005 0.0498421
3.71814 7.10033 0.0407931
3.78994 6.0954 -1.51554
3.83076 5.08573 -1.50712
3.89006 4.1222 -1.52259
3.89473 3.0814 -1.56023
2.93358 3.07033 -3.12139
1.93533 3.07247 -3.10955
0.92549 3.04371 -3.10732
-0.0881695 3.01053 -3.12041
-0.105103 4.02061 1.60607
-0.151023 5.06234 1.62213
-0.205541 6.0569 1.59971
-0.213705 7.05794 1.59996
-0.207813 6.05252 -1.52169
-0.163134 5.04803 -1.51972
-0.121896 4.05617 -1.52253
-0.0614262 3.02293 -1.52237
-1.05585 2.96533 -3.09679
-2.08323 2.93857 -3.13586
-3.09315 2.94223 -3.12785
-4.09824 2.93376 -3.09315
-4.10452 3.94659 1.59452
-4.14255 4.95085 1.58378
-4.14306 5.95148 1.61945
-4.2092 6.94621 1.59472
-4.14912 5.93439 -1.55354
-4.13684 4.95926 -1.55469
-4.08218 3.97692 -1.57574
-4.10705 2.92672 -1.57264
-3.07269 2.93148 0.0110565
-2.08411 2.94832 0.00726853
-1.09532 2.96263 0.0171534
-0.0827073 3.00334 0.0302686
-0.0731558 2.01198 -1.54384
-0.0261697 1.02292 -1.54346
-0.0495479 -0.00049297 -1.54504
0.0145039 -0.994251 -1.54693
-1.01582 -1.036 -3.11961
-2.02618 -1.0407 -3.10992
-3.013 -1.08083 -3.10958
-4.00272 -1.11036 -3.10948
-3.98697 -2.11314 -1.56156
-3.93621 -3.12517 -1.54947
-3.90563 -4.12198 -1.56038
-3.8933 -5.11461 -1.55342
-4.89898 -5.15025 -3.11258
-5.87916 -5.16001 -3.13833
-6.9046 -5.14666 -3.11974
-7.90059 -5.16201 -3.11042
-7.87305 -6.16853 -1.54229
-7.87475 -7.14886 -1.54971
-7.88479 -8.10574 -1.54101
-7.8157 -9.12471 -1.53598
-6.81988 -9.12779 0.04246
-5.83903 -9.09283 0.0377913
-4.83759 -9.02878 0.0310969
-3.82132 -8.9961 0.0453908
-3.77884 -9.98968 -1.52761
-3.76691 -11.0008 -1.53201
-3.7298 -11.978 -1.54059
-3.70551 -12.987 -1.54568
-2.72033 -12.9337 0.0174893
-1.67305 -12.9098 0.0303909
-0.680555 -12.8657 0.0153537
0.291341 -12.8624 0.00249892
1.30676 -12.8418 -0.0218692
2.31152 -12.8833 -0.00012074
3.31795 -12.8855 0.00329395
4.32394 -12.8502 0.0223668
4.31932 -11.8687 1.59162
4.29001 -10.8642 1.59374
4.24898 -9.87061 1.58026
4.2371 -8.84603 1.61573
3.22177 -8.87898 -3.11384
2.20418 -8.9186 -3.1262
1.19215 -8.95519 -3.13396
0.234158 -8.96261 -3.14057
0.199997 -7.96123 1.5827
0.15543 -6.95877 1.57236
0.178639 -5.94364 1.59391
0.143197 -4.93466 1.58005
0.150485 -5.9711 -1.55138
0.189022 -6.95286 -1.54432
0.213723 -7.94109 -1.55029
0.210679 -8.97344 -1.54591
0.201862 -7.9685 1.60035
0.180865 -6.96054 1.60965
0.160088 -5.95884 1.60539
0.144044 -4.95273 1.59436
1.12036 -4.93915 0.0122914
2.12959 -4.92249 0.0559662
3.14751 -4.89965 0.0373242
4.15558 -4.85988 0.0027181
4.15424 -5.85467 -1.54768
4.16824 -6.8333 -1.53287
4.17753 -7.84886 -1.5431
4.22461 -8.88144 -1.55268
5.23269 -8.84098 0.010396
6.19901 -8.8296 -0.0115448
7.21379 -8.83024 0.0145616
8.18853 -8.80007 0.024021
8.22373 -9.79228 -1.54072
8.25018 -10.7848 -1.52115
8.33169 -11.7765 -1.52433
8.37677 -12.7899 -1.52864
9.37025 -12.748 0.075016
10.3894 -12.6995 0.0495099
11.4031 -12.6442 0.0668878
12.3994 -12.6164 0.0558578
12.4472 -13.6236 -1.5006
12.5226 -14.6346 -1.52506
12.5475 -15.6064 -1.52511
12.6097 -16.6098 -1.51271
13.6311 -16.5548 0.0605444
14.6352 -16.5012 0.0686034
15.6403 -16.4186 0.0454928
16.6702 -16.3918 0.0376666
16.6778 -17.411 -1.53745
16.7381 -18.414 -1.55107
16.7323 -19.4168 -1.56196
16.7684 -20.422 -1.56194
16.7437 -19.4436 1.6156
16.695 -18.4412 1.58257
16.691 -17.4204 1.60401
16.6746 -16.4026 1.58532
16.7093 -17.3951 -1.57028
16.703 -18.4219 -1.55441
16.7534 -19.4514 -1.5201
16.78 -20.4449 -1.53385
16.7464 -19.438 1.60489
16.696 -18.4161 1.59601
16.6912 -17.4266 1.59811
16.6638 -16.4242 1.58159
15.6501 -16.4284 -3.10364
14.6265 -16.4992 -3.0778
13.6141 -16.5611 -3.11189
12.6144 -16.5446 -3.07939
13.6051 -16.524 0.029618
14.6058 -16.462 0.0173211
15.6318 -16.4421 0.0420266
16.6746 -16.4009 0.0263558
16.6757 -17.4004 -1.55059
16.7024 -18.4193 -1.54677
16.7407 -19.4224 -1.5284
16.7698 -20.4088 -1.54952
15.7502 -20.4583 -3.12201
14.7913 -20.4416 -3.08006
13.8094 -20.5127 -3.07028
12.82 -20.5932 -3.08899
12.7505 -19.6036 1.59641
12.728 -18.6256 1.6006
12.6749 -17.6108 1.60446
12.6085 -16.5945 1.60901
12.6463 -17.576 -1.51016
12.7611 -18.5953 -1.51256
12.8195 -19.5828 -1.53404
12.8584 -20.5974 -1.5138
12.8092 -19.5783 1.61235
12.7591 -18.5862 1.61241
12.7081 -17.5975 1.60455
12.6411 -16.5659 1.63769
12.6836 -17.5705 -1.50216
12.7254 -18.579 -1.51391
12.7963 -19.5838 -1.51134
12.8308 -20.5835 -1.51354
11.834 -20.6519 -3.09086
10.8366 -20.7339 -3.12247
9.8293 -20.7747 -3.08197
8.86299 -20.8549 -3.05458
8.95678 -21.8379 -1.44827
9.0443 -22.7997 -1.4889
9.1268 -23.789 -1.51671
9.20427 -24.7827 -1.50171
10.1861 -24.69 0.0759699
11.1629 -24.615 0.0705112
12.1698 -24.5843 0.0997493
13.157 -24.4594 0.113722
12.1817 -24.5576 -3.04478
11.2063 -24.6398 -3.06827
10.1919 -24.7101 -3.06583
9.19497 -24.7804 -3.05856
10.1942 -24.7104 0.082731
11.1757 -24.6372 0.0597261
12.1663 -24.5818 0.0773034
13.1705 -24.4842 0.0866327
13.2662 -25.4956 -1.43181
13.3935 -26.4904 -1.41002
13.591 -27.4567 -1.4401
13.7194 -28.4636 -1.43646
12.7699 -28.6084 -2.98754
11.7543 -28.7372 -2.96495
10.7808 -28.93 -2.98207
9.7874 -29.0751 -2.9779
10.7769 -28.9033 0.140124
11.7598 -28.7401 0.162156
12.753 -28.5739 0.129499
13.7122 -28.4521 0.157631
13.8669 -29.4353 -1.40533
14.0112 -30.392 -1.40146
14.1827 -31.3891 -1.41343
14.3337 -32.4093 -1.39538
14.1506 -31.4104 1.71963
14.0134 -30.4224 1.71682
13.884 -29.4117 1.753
13.726 -28.4476 1.73055
13.8519 -29.4428 -1.40591
14.0312 -30.3978 -1.42749
14.1841 -31.3945 -1.42005
14.3616 -32.4144 -1.41313
13.3518 -32.5874 -2.9959
12.3915 -32.7331 -2.99477
11.413 -32.8724 -2.97136
10.4431 -33.0424 -2.95487
10.6162 -34.0143 -1.41262
10.774 -35.0266 -1.42834
10.8941 -35.9918 -1.41972
11.0571 -36.9769 -1.40312
12.0733 -36.8021 0.17274
13.0599 -36.681 0.166035
14.0354 -36.4996 0.162911
15.0079 -36.2951 0.146767
15.1562 -37.336 -1.38409
15.3193 -38.2883 -1.40607
15.4981 -39.2882 -1.41442
15.6774 -40.2909 -1.41435
14.6782 -40.4691 -2.99705
13.6521 -40.5975 -2.97543
12.6837 -40.7834 -2.96774
11.6933 -40.9558 -2.98598
12.6885 -40.8025 0.154543
13.6357 -40.6353 0.156248
14.6558 -40.4587 0.167292
15.6548 -40.3219 0.165702
14.6716 -40.4935 -2.98135
13.6815 -40.6287 -2.978
12.6877 -40.7791 -2.99252
11.7083 -40.9615 -3.00435
11.5245 -39.9596 1.71455
11.3788 -38.9916 1.73049
11.2047 -38.0148 1.75508
11.03 -37.0399 1.72825
11.1839 -37.9937 -1.40457
11.3366 -39.0157 -1.40154
11.5266 -39.9857 -1.38721
11.7104 -40.9459 -1.40445
10.7441 -41.0929 -2.98826
9.75937 -41.2632 -2.99911
8.75709 -41.4309 -3.0141
7.7887 -41.5867 -2.97395
8.77331 -41.4201 0.145579
9.73851 -41.2776 0.155393
10.71 -41.0895 0.164288
11.6792 -40.935 0.16249
10.7136 -41.1002 -2.98748
9.74484 -41.2518 -2.99074
8.75343 -41.437 -2.98768
7.78512 -41.5735 -2.99534
7.91525 -42.5465 -1.39952
8.07599 -43.515 -1.40446
8.2253 -44.5288 -1.42299
8.38854 -45.4982 -1.42054
7.43059 -45.6361 -2.99956
6.41982 -45.7765 -2.97563
5.43766 -45.9467 -2.96278
4.47055 -46.1725 -2.95166
5.43476 -45.9773 0.199589
6.42106 -45.7965 0.1845
7.4227 -45.6869 0.174669
8.42172 -45.5152 0.164587
8.24645 -44.5154 1.72549
8.08592 -43.5211 1.74151
7.9018 -42.5508 1.74328
7.74554 -41.5715 1.75077
7.56589 -40.5902 1.74229
7.39567 -39.6083 1.71464
7.23089 -38.6368 1.71658
7.08693 -37.6482 1.74228
8.06586 -37.4809 0.15937
9.04541 -37.3109 0.131746
10.0337 -37.1954 0.163102
11.0118 -37.0035 0.165933
11.2069 -38.0216 -1.40122
11.3737 -38.9879 -1.41603
11.5185 -39.9665 -1.40478
11.6984 -40.9631 -1.41564
12.6587 -40.7963 0.15872
13.6804 -40.5953 0.167448
14.6685 -40.4497 0.150251
15.6509 -40.3172 0.168276
15.8013 -41.2723 -1.39776
15.9479 -42.2622 -1.43718
16.0865 -43.2294 -1.42898
16.2098 -44.2047 -1.44308
17.1938 -44.0527 0.146351
18.1835 -43.9246 0.159576
19.1952 -43.7883 0.150501
20.1378 -43.6248 0.113674
20.0225 -42.6172 1.73044
19.8683 -41.6325 1.72496
19.728 -40.6167 1.71859
19.5751 -39.6399 1.70933
18.5687 -39.769 -2.96528
17.6026 -39.9336 -2.98143
16.6071 -40.1219 -2.9936
15.6357 -40.266 -2.98644
15.8055 -41.2563 -1.42402
15.9491 -42.2309 -1.40822
16.0468 -43.2307 -1.40946
16.2006 -44.2265 -1.38143
15.2108 -44.4372 -2.92578
14.2812 -44.6276 -2.95384
13.3117 -44.7917 -2.99554
12.3105 -44.896 -2.98608
12.1661 -43.9174 1.72825
12.0177 -42.9285 1.73259
11.8682 -41.9172 1.73275
11.7181 -40.964 1.7237
11.8726 -41.9438 -1.41112
12.0132 -42.9523 -1.40639
12.1479 -43.9365 -1.41068
12.3079 -44.9435 -1.41477
11.3432 -45.0917 -3.02088
10.3469 -45.2305 -3.02344
9.35647 -45.387 -3.01281
8.37295 -45.497 -3.01683
9.34672 -45.3395 0.130057
10.3379 -45.2214 0.152286
11.3337 -45.0741 0.166114
12.3246 -44.9315 0.142795
11.3194 -45.07 -3.01228
10.3386 -45.2118 -3.01006
9.34309 -45.3471 -2.9923
8.36707 -45.4991 -3.00229
7.37863 -45.6254 -2.99398
6.39127 -45.8333 -2.99744
5.45033 -45.9764 -2.95592
4.46383 -46.1792 -2.95885
4.28514 -45.1799 1.7538
4.07065 -44.1851 1.7365
3.92683 -43.1824 1.70832
3.78142 -42.1709 1.74258
2.7706 -42.3282 -2.96122
1.81035 -42.4951 -2.97294
0.793766 -42.6905 -2.97034
-0.178587 -42.8749 -2.97426
-0.314641 -41.8615 1.73749
-0.513821 -40.8676 1.73395
-0.67631 -39.8908 1.72087
-0.836439 -38.9153 1.7344
-1.00565 -37.9296 1.73244
-1.16212 -36.9145 1.7363
-1.33207 -35.9806 1.73382
-1.47205 -34.9952 1.73223
-0.493104 -34.8069 0.1739
0.496719 -34.6402 0.171078
1.50463 -34.5089 0.161073
2.51883 -34.3083 0.155092
2.66108 -35.3326 -1.41751
2.81978 -36.3459 -1.41836
2.96668 -37.3319 -1.40575
3.12782 -38.3015 -1.40673
2.12816 -38.4536 -2.99514
1.11539 -38.6022 -2.99997
0.141662 -38.7627 -2.99291
-0.826639 -38.9042 -2.98938
0.140927 -38.7373 0.15341
1.13225 -38.5927 0.154047
2.15134 -38.455 0.160362
3.12804 -38.2886 0.13819
4.11195 -38.1693 0.146466
5.14001 -38.0029 0.168825
6.12728 -37.8044 0.160529
7.09622 -37.6468 0.164132
7.2561 -38.6172 -1.40566
7.41207 -39.6078 -1.40875
7.58547 -40.5872 -1.38761
7.75959 -41.5621 -1.42921
6.74928 -41.6798 -2.98673
5.74756 -41.8608 -3.00129
4.75093 -41.9899 -3.00891
3.77541 -42.1462 -2.97829
3.93619 -43.1624 -1.39989
4.09706 -44.1644 -1.39394
4.27528 -45.1638 -1.36734
4.46888 -46.141 -1.38102
5.42932 -45.968 0.164709
6.42652 -45.8013 0.15135
7.37655 -45.6165 0.137563
8.38419 -45.5208 0.155121
8.25565 -44.5341 1.73598
8.05979 -43.5597 1.72125
7.93013 -42.5579 1.71018
7.78754 -41.5657 1.71769
7.91544 -42.5622 -1.42026
8.0715 -43.5392 -1.40487
8.24816 -44.5334 -1.40741
8.3897 -45.5598 -1.413
8.22688 -44.5567 1.72078
8.08836 -43.5431 1.72845
7.93203 -42.5588 1.73404
7.7689 -41.5718 1.74355
7.98679 -42.5598 -1.41758
8.07406 -43.5438 -1.42319
8.22887 -44.5244 -1.41321
8.38224 -45.5194 -1.43017
8.2563 -44.4949 1.74359
8.07663 -43.5237 1.72161
7.91471 -42.5541 1.72932
7.74078 -41.5674 1.72797
8.73826 -41.3969 0.15909
9.73138 -41.2585 0.174282
10.7257 -41.127 0.162652
11.693 -40.9615 0.151699
11.8531 -41.9469 -1.40364
12.0034 -42.9469 -1.42237
12.1468 -43.9189 -1.41896
12.3152 -44.9467 -1.41463
11.3277 -45.0902 -2.99946
10.3644 -45.2362 -3.0048
9.37076 -45.3797 -3.01233
8.35826 -45.5033 -2.99497
9.35264 -45.3741 0.144155
10.3377 -45.2456 0.157708
11.3389 -45.0888 0.149676
12.3244 -44.929 0.148379
12.187 -43.9162 1.73007
12.0194 -42.9419 1.72735
11.8576 -41.9528 1.73106
11.7147 -40.9638 1.73969
10.7311 -41.1384 -2.99276
9.73803 -41.2642 -2.98781
8.76078 -41.4046 -2.97806
7.76924 -41.5656 -2.95284
7.57959 -40.584 1.76384
7.35814 -39.6426 1.71244
7.24947 -38.6306 1.736
7.10077 -37.6368 1.71959
6.09363 -37.8332 -2.99361
5.11468 -37.9894 -2.97576
4.1179 -38.1444 -2.9859
3.13044 -38.3008 -2.99234
2.97745 -37.3257 1.72445
2.82223 -36.3362 1.72337
2.66463 -35.3618 1.70034
2.51788 -34.3476 1.7242
2.66019 -35.3617 -1.4129
2.80353 -36.3614 -1.40912
2.9361 -37.3431 -1.3996
3.10466 -38.3111 -1.40802
4.13591 -38.1495 0.156126
5.12242 -38.0012 0.160195
6.11375 -37.8263 0.152527
7.1074 -37.6681 0.139276
7.24012 -38.6279 -1.41232
7.42026 -39.6182 -1.39545
7.57573 -40.5976 -1.3956
7.76396 -41.6007 -1.39475
8.75944 -41.425 0.15931
9.75049 -41.2763 0.150873
10.6933 -41.1115 0.171514
11.7009 -40.9431 0.186332
11.5428 -39.9581 1.74511
11.3708 -38.9825 1.7691
11.1784 -37.9862 1.71567
11.0293 -36.9922 1.7344
12.0188 -36.8568 0.173187
13.0411 -36.6644 0.178305
14.0198 -36.5072 0.175212
15.0084 -36.3745 0.18269
15.168 -37.3459 -1.41064
15.3248 -38.3244 -1.41896
15.4695 -39.3181 -1.4249
15.6253 -40.3275 -1.40806
16.6477 -40.1892 0.156047
17.6058 -39.9917 0.152164
18.5869 -39.8047 0.163595
19.5718 -39.6123 0.143355
19.4145 -38.6224 1.68893
19.2685 -37.6419 1.70867
19.0952 -36.6909 1.74013
18.9402 -35.7228 1.7345
17.9466 -35.874 -2.98464
16.9838 -36.046 -2.96581
15.9588 -36.2022 -2.96096
15.0039 -36.3291 -2.94714
15.9945 -36.159 0.149169
16.9766 -36.0391 0.171983
17.9651 -35.8687 0.173189
18.9487 -35.7016 0.180135
18.7923 -34.7181 1.75411
18.6076 -33.7385 1.72555
18.4419 -32.7571 1.71968
18.2898 -31.7812 1.7251
17.3284 -31.9318 -2.99516
16.335 -32.0604 -2.98482
15.3559 -32.2349 -2.97999
14.359 -32.3986 -2.97745
13.3924 -32.563 -2.99468
12.3879 -32.7254 -2.99313
11.4139 -32.8333 -2.94925
10.4166 -33.057 -2.96117
11.3933 -32.8771 0.168377
12.3786 -32.7184 0.160259
13.3812 -32.5602 0.165788
14.3523 -32.4012 0.142398
14.5175 -33.3818 -1.41715
14.6653 -34.3739 -1.37853
14.8048 -35.3697 -1.38809
15.0207 -36.3564 -1.39233
15.1663 -37.3608 -1.40999
15.344 -38.3295 -1.40185
15.4822 -39.3128 -1.43468
15.6516 -40.3018 -1.38945
14.6654 -40.4676 -2.96698
13.6753 -40.6397 -2.99361
12.6917 -40.7747 -2.9776
11.7228 -40.9522 -2.96045
11.89 -41.9399 -1.40554
12.0248 -42.9375 -1.40163
12.2051 -43.9538 -1.40994
12.3314 -44.9122 -1.40208
12.1849 -43.9223 1.73685
12.0196 -42.9374 1.73362
11.9067 -41.9365 1.74618
11.7051 -40.9342 1.76041
12.6991 -40.7521 0.169783
13.6498 -40.5984 0.160854
14.6635 -40.4609 0.142164
15.6622 -40.2911 0.149222
15.7906 -41.2709 -1.43225
15.9349 -42.2508 -1.42838
16.1065 -43.2221 -1.44774
16.2041 -44.2127 -1.43468
17.1859 -44.0755 0.137188
18.1908 -43.9392 0.155584
19.1928 -43.7388 0.122696
20.1523 -43.6347 0.146767
19.1732 -43.7884 -2.98451
18.1926 -43.9363 -3.00669
17.2111 -44.0628 -3.00795
16.239 -44.2202 -2.989
17.1915 -44.0826 0.156044
18.1797 -43.9352 0.14395
19.1638 -43.798 0.150913
20.1511 -43.634 0.156285
21.1191 -43.4687 0.150685
22.1088 -43.3246 0.14445
23.1146 -43.2072 0.129242
24.0769 -43.0282 0.151149
23.0883 -43.1588 -2.98623
22.1183 -43.3245 -3.01161
21.1129 -43.4741 -2.99967
20.1541 -43.6232 -2.99239
21.1243 -43.4709 0.158462
22.0948 -43.3126 0.121982
23.1171 -43.1676 0.142711
24.1027 -43.0276 0.151932
23.9178 -42.0377 1.73893
23.7504 -41.0913 1.72804
23.616 -40.082 1.73488
23.455 -39.0697 1.73779
23.3396 -38.08 1.73271
23.1903 -37.0962 1.73679
23.0686 -36.1266 1.74613
22.883 -35.1424 1.73161
23.8637 -35.003 0.151587
24.8725 -34.8429 0.163489
25.8536 -34.6876 0.16283
26.8478 -34.5238 0.161184
26.682 -33.5276 1.73338
26.5565 -32.5388 1.72745
26.3489 -31.5701 1.71692
26.1508 -30.5937 1.72836
25.1735 -30.722 -2.99117
24.2158 -30.867 -2.98398
23.2226 -31.0208 -2.97391
22.2443 -31.1628 -2.99527
22.0852 -30.1887 1.72772
21.9446 -29.187 1.73823
21.723 -28.1979 1.72081
21.5976 -27.2058 1.73089
22.6095 -27.0583 0.142596
23.5968 -26.9108 0.128563
24.5627 -26.7752 0.168513
25.5239 -26.6231 0.156512
25.6882 -27.6213 -1.42859
25.8331 -28.6026 -1.40122
26.002 -29.5845 -1.40248
26.1785 -30.5703 -1.41396
27.1531 -30.3888 0.141003
28.1556 -30.248 0.163911
29.128 -30.088 0.196926
30.1061 -29.8722 0.193577
29.1296 -30.0608 -2.98693
28.1487 -30.2327 -2.99874
27.1633 -30.3968 -3.01149
26.1676 -30.5369 -2.99889
26.3283 -31.5551 -1.42519
26.5225 -32.5491 -1.41498
26.6936 -33.5426 -1.40673
26.8552 -34.5328 -1.40649
27.8504 -34.3618 0.160192
28.8379 -34.2061 0.171096
29.8281 -34.0379 0.199445
30.8448 -33.8103 0.180806
31.0032 -34.7536 -1.38824
31.1926 -35.7116 -1.40639
31.3442 -36.6659 -1.42658
31.4732 -37.6779 -1.42097
32.4473 -37.5386 0.139704
33.4643 -37.3771 0.135801
34.4245 -37.2382 0.127316
35.4187 -37.1138 0.135153
35.2739 -36.127 1.71779
35.1535 -35.1506 1.72289
34.9858 -34.1604 1.68992
34.8701 -33.1625 1.67919
34.9669 -34.1469 -1.44771
35.1269 -35.1523 -1.41353
35.28 -36.1308 -1.42338
35.4242 -37.1153 -1.43835
36.4324 -36.95 0.136284
37.407 -36.8473 0.10094
38.4216 -36.7522 0.0904462
39.4429 -36.6648 0.0671258
39.3662 -35.6623 1.65295
39.2686 -34.6269 1.6248
39.2107 -33.6574 1.62261
39.1551 -32.659 1.62817
40.1248 -32.6075 0.0748702
41.1088 -32.5514 0.0797032
42.1275 -32.4625 0.101357
43.1019 -32.375 0.103409
42.9957 -31.3726 1.6608
42.8984 -30.3974 1.69936
42.739 -29.4023 1.69816
42.632 -28.4238 1.67332
43.5991 -28.303 0.0969033
44.5727 -28.1923 0.0961274
45.589 -28.0567 0.0948312
46.5781 -27.945 0.100606
45.605 -28.0547 -3.02716
44.6036 -28.1667 -3.00207
43.6158 -28.2894 -3.02055
42.6128 -28.4194 -3.02549
42.5292 -27.437 1.6624
42.4263 -26.4317 1.66016
42.3456 -25.4188 1.68427
42.2568 -24.428 1.66291
42.3629 -25.4132 -1.48735
42.4381 -26.4193 -1.4602
42.529 -27.4171 -1.47069
42.6318 -28.4209 -1.46808
43.6146 -28.3177 0.11798
44.6075 -28.1888 0.117108
45.6045 -28.0596 0.115006
46.6156 -27.9273 0.108933
45.6092 -28.0708 -3.02288
44.5961 -28.1963 -3.02926
43.6094 -28.3193 -3.02215
42.6306 -28.434 -3.03885
42.5498 -27.4298 1.68503
42.4526 -26.4389 1.67972
42.3038 -25.4231 1.67818
42.2206 -24.4226 1.666
42.3304 -25.4353 -1.46534
42.445 -26.4396 -1.46625
42.5497 -27.4102 -1.46757
42.6585 -28.4251 -1.47582
41.6598 -28.536 -3.01812
40.6604 -28.6884 -3.02063
39.6571 -28.8126 -3.00241
38.6788 -28.9451 -3.03429
39.6414 -28.8354 0.118416
40.6527 -28.6925 0.105739
41.6346 -28.5538 0.110877
42.6173 -28.4207 0.115587
41.6303 -28.5296 -3.04188
40.6574 -28.6824 -3.04505
39.696 -28.7666 -3.01845
38.681 -28.9334 -3.02656
38.5675 -27.9141 1.68257
38.4642 -26.9108 1.70014
38.3642 -25.9163 1.66561
38.262 -24.9224 1.68166
39.2542 -24.8057 0.0955567
40.2369 -24.7423 0.0830851
41.2386 -24.6936 0.0613502
42.2246 -24.6324 0.048093
41.2182 -24.6677 -3.0499
40.206 -24.7664 -3.05078
39.2402 -24.7969 -3.04219
38.2454 -24.9226 -3.02765
39.2622 -24.8135 0.102708
40.2709 -24.6917 0.116922
41.258 -24.5967 0.142929
42.2492 -24.4605 0.119775
42.3377 -25.4334 -1.45138
42.4543 -26.4285 -1.47899
42.5452 -27.4125 -1.46943
42.6248 -28.4243 -1.46104
43.6155 -28.3202 0.121196
44.6216 -28.2104 0.123832
45.6117 -28.0697 0.134259
46.6388 -27.957 0.113459
46.7469 -28.936 -1.45673
46.8605 -29.9536 -1.46223
46.9884 -30.9417 -1.47234
47.0702 -31.9545 -1.46859
46.0901 -32.0732 -3.06056
45.0912 -32.1654 -3.05895
44.1028 -32.2635 -3.07936
43.0827 -32.3675 -3.06813
43.1522 -33.3358 -1.47174
43.2686 -34.3441 -1.46101
43.3689 -35.3659 -1.47353
43.4468 -36.3681 -1.49996
42.4497 -36.4318 -3.07186
41.4464 -36.4977 -3.05731
40.4133 -36.5709 -3.07178
39.4381 -36.6516 -3.03715
