0 0 -3.14159
-1.03128 0.00353343 3.13184
-2.03953 0.0144504 3.1251
-3.04805 0.034586 3.11552
-4.05624 0.0617916 3.10737
-5.06257 0.0690677 -3.12883
-6.07043 0.0587389 -3.13698
-7.07795 0.0554642 3.13806
-8.08575 0.0614021 3.12991
-9.09388 0.0751478 3.12176
-10.1334 0.098188 3.11334
-11.1747 0.129088 3.10492
-12.179 0.135568 -3.09836
-13.2181 0.0927538 -3.10677
-14.2243 0.059676 -3.11491
-15.23 0.0350805 -3.12305
-16.2693 0.0177556 -3.13145
-17.275 0.00944451 -3.13959
-18.2816 0.00966512 3.13546
-19.3204 0.0185161 3.12706
-20.361 0.0352318 3.11864
-21.3664 0.0608786 3.11051
-22.3715 0.0936007 3.10237
-23.3762 0.134783 3.09425
-24.4101 0.053496 -3.04664
-25.412 -0.0392401 -3.05478
-26.415 -0.124852 -3.06291
-27.419 -0.201919 -3.07106
-28.4219 -0.271262 -3.07919
-29.4273 -0.331982 -3.08734
-30.4315 -0.384969 -3.09547
-31.4708 -0.430608 -3.10388
-32.4771 -0.466505 -3.11202
-33.4823 -0.494669 -3.12015
-34.5224 -0.514073 -3.12857
-35.529 -0.525891 -3.13671
-36.5623 -0.566149 -2.96306
-37.6194 -0.804905 -2.89147
-38.6188 -1.03581 -2.89516
-39.6034 -1.32902 -2.90267
-40.5946 -1.58085 -2.9116
-41.5881 -1.82408 -2.92052
-42.5975 -2.10051 -2.92825
-43.6363 -2.29839 -2.93428
-44.6706 -2.41647 -2.92411
-45.6942 -2.59382 -2.9474
-46.7263 -2.78281 -2.95597
-47.7198 -2.96657 -2.96449
-48.7486 -3.14721 -2.97329
-49.7456 -3.31383 -2.98182
-50.7435 -3.47047 -3.01422
-51.7928 -3.459 3.08125
-52.8057 -3.41317 3.07297
-53.8183 -3.35885 3.06469
-54.8304 -3.29607 3.05641
-55.8761 -3.29751 3.12994
-57.0603 -3.26539 3.12298
-58.0776 -3.26396 3.11292
-59.1282 -3.251 3.10259
-60.1451 -3.22905 3.09253
-61.1509 -3.16587 3.08696
-62.1548 -3.13747 3.07677
-63.159 -3.10126 3.06631
-64.1634 -3.05442 3.05584
-65.1659 -2.99777 3.04538
-66.221 -3.01858 -3.06866
-67.2321 -3.08185 -3.07478
-68.2771 -3.14209 -3.08118
-69.2851 -3.21472 -3.09048
-70.4829 -3.28673 -3.10145
-71.4906 -3.3091 -3.10681
-72.4996 -3.32718 -3.11219
-73.5561 -3.3642 -3.12068
-74.7503 -3.39249 -3.12961
-75.7989 -3.41008 -3.13784
-76.8314 -3.40366 3.13607
-77.8324 -3.38743 3.12731
-78.8512 -3.37671 3.11997
-79.8712 -3.35885 3.11262
-80.8783 -3.32393 3.10478
-82.0237 -3.29297 3.09761
-83.0479 -3.26005 3.08853
-84.0716 -3.21725 3.07945
-85.0995 -3.15795 3.06963
-86.0982 -3.0937 3.06214
-87.1104 -3.03373 3.05326
-88.2972 -2.92151 2.98496
-89.2839 -2.68296 2.76575
-90.2241 -2.31711 2.75789
-91.162 -1.94783 2.74989
-92.0961 -1.57095 2.74339
-93.0346 -1.16836 2.7367
-93.9898 -0.789033 2.72778
-95.0976 -0.330865 2.71627
-96.0481 0.0729952 2.70764
-97.1471 0.551257 2.69762
-98.0876 0.972335 2.68901
-99.1765 1.47063 2.68049
-100.261 1.98002 2.66897
-101.338 2.49972 2.66046
-102.222 3.02571 2.41009
-103.146 3.82543 2.39831
-104.038 4.61303 2.38829
-104.922 5.40869 2.37977
-105.797 6.21317 2.36975
-106.664 7.02646 2.35973
-107.404 7.73522 2.35111
-108.255 8.56471 2.3396
-109.016 9.46991 1.91331
-109.123 10.4817 1.62863
-109.193 11.6545 1.61862
-109.243 12.6679 1.61
-109.29 13.8439 1.59998
-109.326 15.0194 1.58997
-109.348 16.1956 1.57994
-109.359 17.3719 1.56993
-109.357 18.5314 1.5597
-109.344 19.708 1.54969
-109.318 20.8841 1.53967
-109.279 22.058 1.52966
-109.227 23.2668 1.51937
-109.165 24.4418 1.50936
-109.09 25.6155 1.49934
-109.004 26.7879 1.48933
-108.919 27.7983 1.48071
-108.917 28.9889 1.83901
-109.231 30.16 1.81529
-109.483 31.1448 1.80666
-109.72 32.2988 1.72352
-109.797 33.4748 1.61502
-109.851 34.6837 1.60473
-109.891 35.8586 1.59471
-109.92 37.0352 1.5847
-109.936 38.2119 1.57468
-109.94 39.2257 1.56606
-109.935 40.24 1.55744
-109.919 41.4158 1.54742
-109.89 42.5917 1.5374
-109.849 43.7677 1.52739
-109.804 44.78 1.51877
-109.764 45.7904 1.66236
-109.881 46.9606 1.65832
-109.986 48.1323 1.64831
-110.08 49.3048 1.63829
-110.16 50.4775 1.62828
-110.229 51.6524 1.61827
-110.286 52.826 1.60826
-110.33 54.0018 1.59825
-110.305 55.1779 1.46437
-110.178 56.3462 1.48569
-110.131 57.3571 1.51886
-110.068 58.532 1.50736
-109.991 59.7042 1.49735
-109.901 60.7136 1.49057
-109.799 61.7302 1.48081
-109.735 62.8117 1.60333
-109.746 63.831 1.59507
-109.75 64.8513 1.58681
-109.773 65.8931 1.57894
-109.79 66.9359 1.57106
-109.797 68.0116 1.56292
-109.796 69.0536 1.55505
-109.778 70.0941 1.54737
-109.747 71.1983 1.69166
-109.896 72.2221 1.73048
-110.039 73.2483 1.72312
-110.174 74.2743 1.71576
-110.323 75.2938 1.70818
-110.47 76.3124 1.70054
-110.609 77.3315 1.6929
-110.742 78.3516 1.68526
-110.865 79.3727 1.67762
-110.997 80.5867 1.66852
-111.098 81.6046 1.66088
-111.207 82.787 1.65205
-111.305 83.9705 1.64321
-111.385 85.1672 1.63377
-111.443 86.1674 1.62581
-111.492 87.168 1.61785
-111.534 88.1688 1.60988
-111.567 89.1764 1.60182
-111.589 90.2386 1.59308
-111.632 91.2955 1.7291
-111.78 92.3142 1.7206
-111.92 93.3347 1.71063
-112.041 94.3634 1.81318
-112.434 95.3408 2.31422
-113.225 96.229 2.36835
-114.125 96.9915 2.49249
-115.117 97.4299 2.92398
-116.303 97.6023 2.94048
-117.489 97.7719 2.9435
-118.676 97.9308 3.01372
-119.686 97.9454 3.11962
-120.709 97.9768 3.1268
-121.732 98.0019 3.134
-122.783 97.9901 -2.99003
-123.793 97.844 -2.98135
-124.826 97.8164 -2.90852
-125.85 97.7771 -2.78795
-127.023 97.5765 -2.64589
-128.102 97.2043 -2.50299
-129.04 96.9676 -3.06885
-129.384 97.1258 2.68647
-130.071 97.9615 2.37751
-130.623 98.892 2.22788
-130.907 99.9952 1.82517
-130.94 101.182 1.67316
-131.028 102.225 1.77237
-131.183 103.26 1.76115
-131.32 104.265 1.75023
-131.446 105.272 1.73928
-131.562 106.311 1.63728
-131.615 107.501 1.64353
-131.676 108.691 1.64969
-131.749 109.881 1.65594
-131.801 110.907 1.58926
-131.723 111.948 1.56079
-131.659 113.049 1.71534
-131.7 114.083 1.68249
-131.707 115.118 1.63911
-131.71 116.138 1.62159
-131.732 117.33 1.59284
-131.739 118.521 1.58349
-131.734 119.712 1.57414
-131.718 120.751 1.5659
-131.681 121.806 1.57217
-131.645 122.895 1.56324
-131.6 123.949 1.5546
-131.547 125.004 1.54594
-131.535 126.094 1.53887
-131.371 127.182 1.16872
-131.008 127.708 0.590672
-130.267 127.988 0.0904209
-129.123 128.223 0.0831907
-127.95 128.394 0.0756805
-126.947 128.485 0.0691802
-125.912 128.571 0.06241
-124.909 128.649 0.0559198
-123.906 128.72 0.0494296
-122.883 128.76 0.0417694
-121.7 128.788 0.0326392
-120.515 128.805 0.023509
-119.331 128.811 0.0143688
-118.286 128.794 0.00635862
-117.255 128.761 -0.00150158
-116.158 128.719 -0.00990177
-115.127 128.67 -0.017752
-114.065 128.652 0.0517178
-112.874 128.712 0.0428076
-111.682 128.763 0.0338975
-110.491 128.802 0.0249873
-109.298 128.829 0.0160771
-108.24 128.846 0.00752691
-107.183 128.852 -0.00103326
-106.124 128.852 -0.00958343
-105.068 128.841 -0.0181436
-104 128.828 -0.0268038
-102.801 128.815 -0.0365839
-101.603 128.788 -0.0463641
-100.573 128.756 -0.0547743
-99.4424 128.379 -0.404775
-98.3481 127.889 -0.414515
-97.4088 127.459 -0.422895
-96.4749 127.021 -0.431275
-95.3933 126.503 -0.441005
-94.4639 126.045 -0.449085
-93.5293 125.575 -0.457166
-92.5994 125.098 -0.465236
-91.6724 124.615 -0.473306
-90.7253 124.111 -0.481646
-89.8373 123.626 -0.489706
-88.9522 123.133 -0.497756
-88.0715 122.633 -0.505816
-87.195 122.127 -0.513867
-86.3071 121.594 -0.418037
-85.3085 121.369 -0.105057
-84.1338 121.172 -0.115917
-82.9933 120.967 -0.126487
-81.8431 120.766 -0.142157
-80.8392 120.647 -0.176428
-79.8072 120.488 -0.210978
-78.8171 120.297 -0.245068
-77.8361 120.072 -0.279338
-76.7606 119.906 -0.156488
-75.6976 119.791 -0.138158
-74.6659 119.698 -0.121198
-73.6316 119.627 -0.104088
-72.5612 119.57 -0.0872585
-71.5535 119.484 -0.0941786
-70.5129 119.388 -0.102879
-69.5061 119.288 -0.109819
-68.5008 119.183 -0.086899
-67.4923 119.152 -0.0360591
-66.4925 119.1 -0.0450992
-65.4926 119.041 -0.0272793
-64.458 119.046 0.0111506
-63.4238 119.043 0.0018405
-62.4081 119.04 -0.0067696
-61.3693 119.043 -0.0147197
-60.3316 119.039 -0.0226698
-59.2938 119.026 -0.0306199
-58.2228 119.005 -0.03884
-57.187 118.96 -0.0475201
-56.1203 118.906 0.00900979
-55.0862 118.906 0.0016597
-54.0497 118.897 -0.0072004
-53.0146 118.879 -0.0160505
-51.9999 118.855 -0.0248806
-50.9839 118.821 -0.0337007
-49.9349 118.779 -0.0428008
-48.9202 118.727 -0.0516309
-47.8915 118.673 -0.0602409
-46.7741 118.633 -0.068231
-45.6924 118.548 -0.293821
-44.7796 118.011 -0.753711
-43.9675 117.345 -0.761432
-43.1862 116.672 -0.769232
-42.4282 115.992 -0.777072
-41.7829 115.216 -1.27439
-41.6184 114.038 -1.4957
-41.4975 112.849 -1.52746
-41.4517 111.788 -1.53537
-41.4136 110.728 -1.54328
-41.3846 109.666 -1.55119
-41.3634 108.639 -1.55882
-41.3636 107.479 -1.56792
-41.3815 106.323 -1.57725
-41.4108 105.199 -1.58631
-41.4506 104.077 -1.59686
-41.493 102.916 -1.6048
-41.5376 101.716 -1.6146
-41.5945 100.519 -1.6244
-41.663 99.3206 -1.6342
-41.736 98.2829 -1.56997
-41.6305 97.1103 -1.45356
-41.5155 95.9678 -1.46373
-41.4094 94.7916 -1.47417
-41.327 93.6046 -1.48386
-41.2738 92.5803 -1.49153
-41.2275 91.5551 -1.49919
-41.1514 90.5043 -1.36835
-40.9943 89.492 -1.4029
-40.813 88.3287 -1.41639
-40.7088 87.1562 -1.5045
-40.6099 85.9827 -1.47028
-40.5183 84.8407 -1.50142
-40.4673 83.8171 -1.51589
-40.4308 82.7938 -1.53035
-40.4088 81.7681 -1.54479
-40.4031 80.7453 -1.55924
-40.4026 79.7352 -1.57137
-40.5169 78.5628 -1.79657
-40.7465 77.5707 -1.80544
-40.9857 76.5821 -1.81431
-41.2338 75.5961 -1.82318
-41.5444 74.6007 -1.8324
-41.8799 73.5988 -1.84177
-42.2326 72.5652 -1.85141
-42.4443 71.5096 -1.64318
-42.5399 70.4731 -1.60921
-42.6036 69.444 -1.61818
-42.6764 68.4146 -1.62715
-42.7577 67.3856 -1.63613
-42.8488 66.3585 -1.6451
-42.9493 65.327 -1.65405
-43.06 64.2902 -1.66297
-43.1805 63.2553 -1.67187
-43.2178 62.1542 -1.52314
-43.1957 61.0827 -1.53232
-43.1776 60.0292 -1.54046
-43.1661 59.0156 -1.54806
-43.1625 58.0002 -1.55567
-43.1669 56.9521 -1.56355
-43.1789 55.936 -1.57115
-43.1449 54.8605 -1.57883
-43.1172 53.8171 -1.58624
-43.0979 52.7741 -1.59366
-43.085 51.7308 -1.60108
-43.0802 50.7111 -1.60825
-43.0803 49.5303 -1.6015
-43.0755 48.5107 -1.60859
-43.0777 47.4914 -1.61568
-43.0878 46.3096 -1.62386
-43.1323 45.1479 -1.63267
-43.1804 44.1464 -1.64029
-43.1561 42.9864 -1.54166
-43.1015 41.8241 -1.55047
-43.0701 40.8138 -1.55859
-43.049 39.7941 -1.5669
-43.0358 38.7415 -1.57547
-43.0312 37.6879 -1.58406
-43.0421 36.6648 -1.59249
-43.0911 35.6314 -1.60142
-43.0892 34.5659 -1.53751
-43.0815 33.5312 -1.54645
-43.0824 32.497 -1.55389
-43.0927 31.4285 -1.5631
-43.1112 30.3944 -1.57204
-43.139 29.3587 -1.58098
-43.1767 28.3234 -1.58992
-43.2228 27.2899 -1.59886
-43.1968 26.2261 -1.51106
-43.1635 25.1945 -1.51999
-43.1388 24.1618 -1.52892
-43.124 23.1297 -1.53784
-43.1169 22.0972 -1.54677
-43.1192 21.063 -1.5557
-43.1306 20.03 -1.56463
-43.1512 18.9967 -1.57355
-43.1804 17.9624 -1.58249
-43.2187 16.9293 -1.59141
-43.2166 15.8977 -1.53319
-43.2053 14.865 -1.54212
-43.2033 13.8307 -1.55105
-43.2091 12.796 -1.55999
-43.2248 11.7617 -1.56893
-43.2498 10.7272 -1.57787
-43.2832 9.69313 -1.5868
-43.3267 8.62555 -1.59601
-43.3785 7.5909 -1.60494
-43.4395 6.55745 -1.61388
-43.5113 5.48983 -1.62309
-43.5899 4.45791 -1.63202
-43.6727 3.42624 -1.60215
-43.7325 2.35871 -1.61136
-43.7999 1.32484 -1.62029
-43.8554 0.124741 -1.62299
-43.9558 -1.05125 -1.6349
-44.076 -2.1385 -1.96204
-44.4515 -3.17527 -2.08925
-44.7051 -3.42997 -2.72021
-45.7029 -3.5852 -2.92639
-46.8658 -3.83089 -2.93462
-47.8539 -4.04749 -2.94234
-48.8758 -4.26245 -2.95034
-49.8674 -4.4647 -2.95807
-50.8623 -4.64698 -2.96449
-51.8526 -4.8224 -2.97024
-52.8754 -4.98139 -2.97872
-53.867 -5.1256 -2.98693
-54.8604 -5.26053 -3.01304
-55.8938 -5.34538 -3.05882
-56.9519 -5.47296 -3.07243
-57.9793 -5.52129 -3.07733
-59.173 -5.56942 -3.08288
-60.3721 -5.62649 -3.09039
-61.3901 -5.71492 -3.10369
-62.4359 -5.73264 -3.10997
-63.4477 -5.75058 -3.11686
-64.4598 -5.76214 -3.12374
-65.4653 -5.76622 -3.13587
-66.5034 -5.87563 3.1368
-67.511 -5.88032 3.12731
-68.5181 -5.87512 3.11782
-69.5369 -5.84671 3.11047
-70.5498 -5.82919 3.10077
-71.5601 -5.80261 3.09108
-72.5595 -5.75389 3.08128
-73.5778 -5.68585 3.07286
-74.6087 -5.67526 -3.13561
-75.643 -5.67725 3.13872
-76.6704 -5.69586 3.13183
-77.7292 -5.70516 3.12696
-78.9228 -5.69101 3.11488
-80.1482 -5.66117 3.10253
-81.2073 -5.64781 3.09361
-82.2713 -5.58749 3.0845
-83.4475 -5.50621 3.07658
-84.6213 -5.42008 3.06799
-85.8133 -5.3437 3.05928
-86.8726 -5.26025 3.0516
-87.8895 -5.16397 3.04356
-88.8892 -5.09116 3.03382
-90.0783 -4.96892 3.02457
-91.0747 -4.84459 3.01706
-92.1105 -4.71412 3.00803
-93.112 -4.57822 2.99927
-94.096 -4.37096 2.57665
-94.9208 -3.76925 2.51918
-95.7746 -3.15057 2.51065
-96.5958 -2.54548 2.50238
-97.4397 -1.91383 2.49385
-98.2956 -1.30922 2.67633
-99.2025 -0.853636 2.66646
-99.985 -0.637658 -2.92375
-100.924 -1.14474 -2.55353
-101.766 -1.80939 -2.45191
-102.501 -2.64622 -1.93897
-102.653 -3.69232 -1.67021
-102.767 -4.7169 -1.64742
-102.633 -5.26774 -0.888425
-101.855 -5.93016 -0.705945
-100.95 -6.70426 -0.715875
-100.146 -7.34033 -0.664715
-99.2089 -8.07627 -0.674644
-98.316 -8.866 -0.760675
-97.5481 -9.77082 -1.12277
-97.0487 -10.8546 -1.15501
-96.5761 -11.9519 -1.16495
-96.1285 -13.0381 -1.06156
-95.5038 -13.8865 -0.907314
-94.6618 -14.7644 -0.641312
-93.7413 -15.4238 -0.646084
-92.8422 -16.1147 -0.926913
-92.5697 -16.7197 -1.53556
-92.5316 -17.7983 -1.65239
-92.5003 -18.8574 -1.65715
-92.486 -19.9157 -1.67983
-92.4816 -20.9736 -1.6846
-92.4828 -22.0297 -1.68937
-92.489 -23.0864 -1.69415
-92.4993 -24.1414 -1.69743
-92.5145 -25.1955 -1.70369
-92.5347 -26.25 -1.70846
-92.6102 -27.3196 -2.08625
-92.7994 -27.5441 -2.68574
-93.8751 -27.8323 3.01693
-94.9401 -27.7797 3.04701
-96.0047 -27.7335 3.04129
-97.0704 -27.6802 3.03556
-98.1336 -27.6192 3.02984
-99.1972 -27.5816 3.09575
-100.268 -27.5939 3.09001
-101.337 -27.5991 3.08428
-102.406 -27.5974 3.07856
-103.475 -27.5885 3.07283
-104.543 -27.5726 3.0671
-105.645 -27.5466 3.0611
-106.763 -27.5077 3.05149
-107.938 -27.4251 3.07777
-109.116 -27.3671 3.05044
-110.29 -27.2732 3.023
-111.466 -27.1764 3.07915
-112.654 -27.137 3.08768
-113.844 -27.106 3.09611
-115.035 -27.1232 -3.12931
-116.234 -27.1767 -3.12386
-117.338 -27.2136 -3.13262
-118.408 -27.245 3.1391
-119.49 -27.2617 3.12454
-120.615 -27.2692 3.12456
-121.631 -27.2594 3.1133
-122.709 -27.231 3.10742
-123.775 -27.1932 3.08971
-124.863 -27.1494 3.11211
-125.867 -27.1196 3.10384
-127.041 -27.0519 3.09412
-128.214 -26.9722 3.08439
-129.225 -26.8946 3.07601
-130.396 -26.7938 3.06629
-131.42 -26.7071 3.05807
-132.477 -26.6081 3.04958
-133.533 -26.5822 -3.12569
-134.56 -26.5867 -3.13391
-135.575 -26.5931 3.14134
-136.772 -26.6093 3.13232
-137.97 -26.6154 3.12329
-139.168 -26.6103 3.11427
-140.361 -26.5884 3.10512
-141.379 -26.5827 -3.13841
-142.562 -26.5846 3.13539
-143.744 -26.6354 -3.1005
-144.929 -26.6875 -3.10976
-146.121 -26.7548 -3.11827
-147.313 -26.8123 -3.12679
-148.504 -26.8782 -3.08755
-149.693 -26.9747 -3.09623
-150.867 -27.0692 -3.10579
-152.04 -27.1516 -3.11535
-153.213 -27.2226 -3.1249
-154.224 -27.2725 -3.13312
-155.264 -27.3351 3.13124
-156.303 -27.3772 3.11242
-157.341 -27.3988 3.09368
-158.379 -27.4014 3.07487
-159.444 -27.4826 -2.75044
-160.531 -27.9741 -2.73507
-161.615 -28.4699 -2.73169
-162.688 -28.989 -2.64618
-163.564 -29.504 -2.64523
-164.489 -30.0968 -2.65193
-165.471 -30.5416 3.07838
-165.838 -30.456 2.51187
-166.024 -30.2439 1.85789
-166.449 -29.209 1.95701
-166.912 -28.1843 1.78115
-167.069 -27.0512 1.69262
-167.142 -25.8782 1.61576
-167.194 -24.7041 1.60606
-167.214 -23.506 1.59143
-167.179 -22.4111 1.57059
-167.124 -21.3165 1.54985
-167.176 -20.4715 2.13307
-167.356 -20.2781 2.70782
-168.309 -19.9301 2.96876
-169.449 -19.7556 2.97554
-170.475 -19.6879 3.11842
-171.635 -19.6902 3.12214
-172.827 -19.6988 3.12565
-174.002 -19.694 3.11815
-175.018 -19.6792 3.10974
-176.197 -19.6785 3.13878
-177.375 -19.6863 3.13051
-178.558 -19.6748 3.12071
-179.743 -19.6617 3.12877
-180.765 -19.648 3.12029
-181.786 -19.6245 3.11183
-182.98 -19.582 3.10172
-183.988 -19.5286 3.09286
-184.995 -19.4809 3.10191
-186.003 -19.429 3.09454
-187.01 -19.4273 -3.11693
-188.2 -19.4438 -3.12732
-189.387 -19.4483 -3.13766
-190.575 -19.4394 3.13518
-191.762 -19.4192 3.12484
-192.958 -19.385 3.11462
-193.96 -19.3461 3.10611
-194.96 -19.2995 3.0991
-196.158 -19.2561 3.11874
-197.174 -19.2179 3.11007
-198.211 -19.1667 3.10115
-199.246 -19.1184 3.11912
-200.283 -19.0756 3.1102
-201.353 -19.0703 -3.118
-202.551 -19.0884 -3.12701
-203.737 -19.0987 -3.13567
-204.761 -19.0983 3.14001
-205.949 -19.0894 3.13135
-207.137 -19.0755 3.13718
-208.325 -19.09 -3.1374
-209.511 -19.137 -3.10491
-210.7 -19.1805 -3.11421
-211.879 -19.2073 -3.12352
-213.054 -19.2316 -3.11044
-214.23 -19.2608 -3.11976
-215.439 -19.2798 -3.12786
-216.492 -19.2838 -3.13662
-217.539 -19.2781 3.1361
-218.616 -19.295 -3.0832
-219.661 -19.3439 -3.09218
-220.707 -19.3836 -3.10116
-221.862 -19.4265 -3.11146
-223.019 -19.4572 -3.12176
-224.176 -19.4753 -3.13206
-225.365 -19.5243 -3.08891
-226.371 -19.5688 -3.09761
-227.389 -19.6034 -3.10634
-228.408 -19.6295 -3.11507
-229.46 -19.6476 -3.12406
-230.481 -19.6573 -3.13265
-231.505 -19.669 -3.14061
-232.563 -19.6712 3.13434
-233.588 -19.6843 -3.10458
-234.61 -19.723 -3.11254
-235.806 -19.754 -3.12202
-236.822 -19.7689 -3.13016
-237.837 -19.8179 -3.08608
-239.014 -19.8781 -3.09552
-240.225 -19.9297 -3.10528
-241.406 -19.9714 -3.11487
-242.585 -20.0011 -3.12445
-243.765 -20.0194 -3.13403
-244.801 -20.0284 3.14072
-245.886 -20.0945 -3.06628
-246.969 -20.1813 -3.07513
-248.064 -20.2603 -3.08409
-249.092 -20.3228 -3.09257
-250.234 -20.3748 -3.10215
-251.343 -20.415 -3.11146
-252.513 -20.4416 -3.12148
-253.538 -20.4532 -3.13042
-254.598 -20.4561 -3.13963
-255.624 -20.467 -3.10232
-256.682 -20.499 -3.11154
-257.859 -20.526 -3.1216
-259.037 -20.5409 -3.13168
-260.214 -20.5431 3.14143
-261.392 -20.5333 3.13136
-262.406 -20.5157 3.12224
-263.42 -20.4889 3.11313
-264.434 -20.453 3.10402
-265.448 -20.4078 3.09491
-266.495 -20.3716 -3.07511
-267.516 -20.4309 -3.08327
-268.538 -20.4831 -3.09143
-269.561 -20.526 -3.0996
-270.584 -20.561 -3.10776
-271.614 -20.5611 -3.11562
-272.654 -20.5126 -3.12302
-273.524 -20.6732 -2.44191
-274.246 -21.3776 -2.29291
-275.087 -22.1959 -2.3018
-275.937 -23.0337 -2.31194
-276.805 -23.9023 -2.17935
-277.28 -24.7956 -2.00176
-277.844 -25.8693 -2.01243
-278.344 -26.949 -2.03173
-278.782 -27.8779 -2.04956
-279.312 -28.9448 -2.07059
-279.866 -29.9999 -2.09167
-280.347 -31.0719 -2.04902
-280.813 -32.1468 -2.07524
-281.241 -33.0579 -2.09725
-281.684 -33.9605 -2.094
-282.129 -35.0654 -1.97581
-282.544 -36.1746 -1.96069
-282.927 -37.2613 -1.94542
-283.288 -38.3546 -1.93002
-283.683 -39.4697 -1.92777
-284.055 -40.409 -1.93682
-284.437 -41.3457 -1.94588
-284.826 -42.2777 -1.95493
-285.237 -43.2385 -1.96427
-285.707 -44.3153 -1.97542
-286.189 -45.3866 -1.98656
-286.614 -46.3049 -1.99611
-287.119 -47.3659 -2.00725
-287.544 -48.2728 -2.01558
-287.978 -49.1822 -2.02517
-288.363 -50.1109 -1.94522
-288.73 -51.0482 -1.95331
-289.118 -52.015 -1.96168
-289.513 -52.9773 -1.97004
-289.903 -53.9064 -1.97813
-290.301 -54.831 -1.98623
-290.72 -55.7843 -1.99459
-291.133 -56.7024 -2.00268
-291.554 -57.6181 -2.01077
-291.98 -58.5293 -1.99648
-292.356 -59.4633 -1.96279
-292.753 -60.4261 -1.97116
-293.158 -61.3843 -1.97952
-293.557 -62.3096 -1.98761
-293.964 -63.2308 -1.99571
-294.378 -64.1497 -2.0038
-294.756 -65.0815 -1.95668
-295.134 -66.0148 -1.96477
-295.532 -66.9762 -1.97313
-295.925 -67.9031 -1.98122
-296.326 -68.8268 -1.98931
-296.734 -69.7487 -1.99741
-297.149 -70.6646 -2.00549
-297.586 -71.6086 -2.01385
-298.031 -72.5492 -2.0222
-298.47 -73.4548 -2.06312
-298.895 -73.8839 -2.67681
-299.927 -74.0092 -3.11494
-300.93 -74.0354 -3.12303
-301.968 -74.0542 -3.1314
-303.005 -74.0653 -3.13976
-304.041 -74.0665 3.13506
-305.113 -74.0171 2.84746
-305.339 -73.8618 2.28571
-305.853 -72.9969 2.09556
-306.353 -72.1255 2.08746
-306.846 -71.2509 2.07937
-307.348 -70.3425 2.071
-307.826 -69.4609 2.06291
-308.298 -68.5731 2.05481
-308.761 -67.6837 2.04671
-309.181 -66.7708 1.98639
-309.583 -65.8511 1.9783
-309.977 -64.9274 1.9702
-310.364 -64.0006 1.96211
-310.744 -63.0705 1.95401
-311.115 -62.138 1.94591
-311.48 -61.2017 1.93782
-311.847 -60.2319 1.92945
-312.208 -59.2595 1.92109
-312.559 -58.2834 1.91273
-312.891 -57.2743 1.90423
-313.283 -56.2771 2.00607
-313.682 -55.315 1.99776
-314.072 -54.3512 1.98944
-314.455 -53.3828 1.98113
-314.85 -52.3883 1.97311
-315.224 -51.4217 1.96536
-315.591 -50.4526 1.95762
-315.951 -49.4797 1.94987
-316.303 -48.5212 1.94217
-316.715 -47.3978 1.93304
-317.063 -46.4275 1.92516
-317.402 -45.4548 1.91729
-317.786 -44.3214 1.90816
-318.119 -43.3242 1.89973
-318.483 -42.3057 1.99549
-318.899 -41.3414 1.98706
-319.304 -40.374 1.97864
-319.701 -39.4283 1.97044
-320.162 -38.3351 1.95954
-320.614 -37.238 1.95162
-321.054 -36.1366 1.94222
-321.485 -35.0201 1.93267
-321.853 -34.0077 1.92389
-322.201 -33.024 1.91538
-322.541 -32.0378 1.90687
-322.873 -31.0478 1.89836
-323.194 -30.0795 1.89031
-323.506 -29.1244 1.88256
-323.92 -28.1885 2.15658
-324.412 -27.2736 2.02918
-324.852 -26.3718 2.02143
-325.302 -25.4497 2.01302
-325.763 -24.4889 2.00418
-326.202 -23.5531 1.9956
-326.632 -22.6157 1.98703
-327.047 -21.6897 1.97866
-327.492 -20.6524 1.96964
-327.927 -19.61 1.96062
-328.352 -18.5631 1.95159
-328.779 -17.4814 1.94229
-329.136 -16.5298 1.93512
-329.498 -15.5433 1.92767
-329.842 -14.5859 1.92049
-330.179 -13.6268 1.91332
-330.529 -12.6317 2.15057
-331.152 -12.0524 2.73207
-332.289 -11.7111 2.93794
-333.399 -11.3859 2.92921
-334.544 -11.0548 2.91988
-335.665 -10.7752 2.90923
-336.836 -10.5845 2.99977
-338.008 -10.3944 2.98736
-339.188 -10.206 2.9722
-340.38 -10.078 2.93608
-341.562 -9.90728 2.90011
-342.733 -9.68893 2.86398
-343.736 -9.49777 2.95002
-344.757 -9.36592 2.96624
-345.781 -9.25022 2.98245
-346.877 -9.20041 3.0905
-347.914 -9.21433 3.10672
-349.138 -9.21008 3.10813
-350.302 -9.18251 3.10093
-351.464 -9.14653 3.09372
-352.627 -9.10201 3.08651
-353.639 -9.02297 3.08061
-354.821 -8.89752 3.07414
-355.645 -9.0725 -2.42777
-356.207 -9.91695 -1.94275
-356.612 -11.0309 -1.98103
-356.824 -11.3783 -2.60169
-357.091 -11.5027 3.12107
-358.194 -11.5913 2.76099
-359.219 -11.2608 2.6991
-360.207 -10.9342 2.6897
-361.269 -10.5237 2.68014
-362.366 -10.0656 2.67049
-363.457 -9.59742 2.66085
-364.486 -9.02365 2.47213
-365.388 -8.30048 2.4597
-366.074 -7.7573 3.02366
-367.081 -7.74714 3.04505
-368.103 -7.72233 3.03513
-369.121 -7.63997 3.06775
-370.147 -7.57192 3.05854
-371.338 -7.4818 3.04781
-372.535 -7.38183 3.03741
-373.559 -7.30313 3.03011
-374.618 -7.22654 3.06134
-375.645 -7.17224 3.05404
-376.707 -7.10747 3.04646
-377.704 -7.01149 3.03889
-378.716 -6.91305 3.11445
-379.896 -6.8579 3.10517
-381.077 -6.79212 3.09587
-382.287 -6.71853 3.08758
-383.459 -6.64929 3.08209
-384.632 -6.57382 3.07664
-385.805 -6.52495 3.11592
-387.014 -6.4683 3.1272
-388.168 -6.37133 -3.07665
-389.315 -6.35498 -2.99786
-390.482 -6.43959 -2.9188
-390.852 -6.42658 2.83114
-391.146 -6.0322 2.10238
-391.198 -4.82941 1.9052
-391.297 -3.69016 1.94533
-391.297 -2.58326 1.46399
-390.893 -1.77736 0.755255
-389.973 -1.36083 0.435991
-388.967 -1.12057 0.273993
-387.91 -1.05164 0.172603
-386.857 -1.04576 0.0843737
-385.677 -0.995287 0.070284
-384.494 -0.961455 0.0562145
-383.312 -0.937436 0.0570449
-382.126 -0.918229 0.0435753
-380.928 -0.884992 0.0556057
-379.73 -0.85257 0.0452461
-378.53 -0.832854 0.0348866
-377.308 -0.826338 0.0233369
-376.192 -0.832868 0.0265971
-375.078 -0.806632 0.0492277
-373.957 -0.793144 0.0345371
-372.812 -0.665234 -0.18551
-372.209 -0.837574 -0.697248
-371.436 -1.43081 -1.21238
-371.066 -2.50517 -1.34644
-370.544 -3.56718 -0.784714
-370.146 -3.72279 -0.278041
-369.067 -3.6626 0.00114962
-368.037 -3.49547 0.175059
-367.057 -3.13738 0.20598
-366.077 -2.65368 0.3396
-365.326 -2.03397 0.861219
-365.113 -1.00651 1.205
-365.091 0.00476081 1.2616
-365.105 1.02964 1.28382
-365.148 2.06343 1.30459
-365.215 3.10263 1.36417
-365.343 4.15246 1.39093
-365.508 5.24542 1.44717
-365.714 6.30921 1.46944
-365.938 7.41091 1.49143
-366.19 8.47899 1.52415
-366.485 9.54578 1.56584
-366.809 10.6148 1.58812
-366.864 11.6249 1.59073
-366.919 12.8158 1.64987
-366.966 14.0076 1.64036
-367.002 15.2006 1.63086
-367.094 16.3853 1.58299
-367.187 17.5661 1.55995
-367.059 18.1353 1.05009
-366.354 19.0289 0.836027
-365.616 19.9082 0.824967
-364.958 20.6822 0.774147
-364.441 20.9844 0.144971
-363.441 21.1608 0.155082
-362.283 21.3881 0.144242
-361.113 21.5809 0.134062
-359.92 21.7198 0.125183
-358.924 21.8281 0.117773
-357.928 21.9286 0.110373
-356.931 22.0213 0.102973
-355.862 22.1353 0.0942433
-354.819 22.2431 0.0855535
-353.773 22.3423 0.0768337
-352.722 22.4036 -0.158696
-351.69 22.2524 -0.168736
-350.622 22.0687 -0.177086
-349.622 21.8877 -0.184886
-348.623 21.7 -0.192685
-347.584 21.5663 -0.126135
-346.569 21.4327 -0.134375
-345.542 21.2825 -0.143285
-344.483 21.119 -0.152465
-343.425 20.9454 -0.161655
-342.403 20.7676 -0.170564
-341.335 20.7252 0.108196
-340.289 20.7943 0.099206
-339.241 20.8544 0.0901962
-338.194 20.9047 0.0811963
-337.161 20.9541 0.0686664
-335.996 21.0225 0.0366366
-334.829 21.0524 0.00469675
-333.661 21.0396 -0.0273432
-332.66 21.0576 0.0844772
-331.583 21.0543 0.0720567
-330.48 21.0208 0.0632184
-329.68 21.1138 0.723451
-328.958 22.0263 1.08134
-328.311 22.9877 1.1528
-327.776 24.0311 1.23741
-327.246 25.0808 1.22801
-326.549 26.0403 0.775487
-325.758 26.3343 0.220734
-324.658 26.3605 0.096987
-323.557 26.3517 0.0881462
-322.452 26.3299 0.0539267
-321.314 26.2802 0.0448167
-320.208 26.2198 0.0359669
-319.103 26.1498 0.027127
-317.963 26.0724 0.0180071
-316.825 25.9928 0.0506772
-315.72 25.9376 0.0418274
-314.585 25.9121 0.0864475
-313.448 25.8957 0.0788176
-312.311 25.8701 0.0547777
-311.207 25.8192 0.0459378
-310.1 25.7597 0.0370879
-308.995 25.6853 0.020788
-307.889 25.6095 0.0387981
-306.75 25.5442 0.0296883
-305.61 25.4689 0.0205684
-304.531 25.4008 0.0120885
-303.364 25.3886 0.00361856
-302.357 25.3707 -0.00370135
-301.19 25.3578 0.00572875
-300.023 25.3385 -0.00274116
-298.854 25.3347 -0.0201711
-297.685 25.3104 -0.036111
-296.516 25.2642 -0.0549909
-295.35 25.1983 -0.0276608
-294.227 25.2172 0.0312693
-293.104 25.239 0.0334994
-291.98 25.2665 0.0356495
-290.824 25.2972 0.0375996
-289.727 25.2396 0.0201796
-288.63 25.1649 0.0132397
-287.532 25.0761 -0.00419019
-286.421 24.9802 -0.00522011
-285.236 24.9495 -0.01381
-284.054 24.9104 0.01041
-282.87 24.8982 0.00182011
-281.692 24.8982 0.00990018
-280.538 24.9143 -0.00464975
-279.385 24.9105 -0.0206497
-278.232 24.8856 -0.0366796
-277.08 24.8465 -0.0213795
-276.06 24.8697 0.00969053
-275.04 24.8922 0.0109206
-274.02 24.9154 0.0106207
-272.999 24.94 0.0103507
-271.994 24.9625 0.00754077
-270.812 24.9829 -0.00042917
-269.63 24.9933 -0.00841911
-268.449 24.9947 -0.0163891
-267.219 24.9929 -0.026869
-266.195 24.9911 -0.0391489
-265.174 24.9768 -0.0513689
-264.151 24.951 -0.0636388
-263.13 24.9147 -0.0371088
-261.969 24.9283 -0.00885874
-260.819 24.9502 -0.00782869
-259.669 24.9749 -0.00684865
-258.519 25.0018 -0.0058186
-257.344 25.0141 -0.0113686
-256.156 25.0094 -0.0201985
-254.968 24.9927 -0.0290385
-253.782 24.9668 -0.0378784
-252.602 24.9102 -0.0364284
-251.593 24.9544 0.0840517
-250.42 25.0347 0.0749617
-249.246 25.1029 0.0658717
-248.181 25.1664 0.0572818
-247.17 25.224 0.0489118
-246.16 25.2732 0.0405518
-245.148 25.3138 0.0321919
-244.137 25.3459 0.0238319
-242.96 25.3694 0.0164919
-241.784 25.3823 0.00916194
-240.608 25.388 0.00187196
-239.593 25.386 -0.004518
-238.58 25.297 0.032672
-237.557 25.2301 0.0806721
-236.54 25.2146 0.128172
-235.53 25.2553 0.176173
-234.63 25.3125 -0.440622
-234.573 25.3296 -1.05471
-234.51 25.1404 -1.56754
-234.419 24.0062 -1.73607
-234.329 23.1311 -1.10494
-233.458 22.4054 -0.674193
-232.376 21.9521 -0.221745
-231.224 21.8408 -0.154844
-230.215 21.7478 -0.142655
-229.205 21.6143 -0.159315
-228.036 21.4371 -0.178925
-226.871 21.2353 -0.198595
-225.706 21.0867 -0.135905
-224.554 20.935 -0.141315
-223.402 20.7778 -0.146735
-222.252 20.6135 -0.152135
-221.244 20.4603 -0.157775
-220.196 20.3073 -0.0755945
-219.142 20.2057 -0.0844345
-218.088 20.0957 -0.0932845
-217.035 19.9765 -0.102115
-216.006 19.9235 -0.108195
-214.994 19.9152 -0.113895
-213.981 19.9034 -0.116625
-212.968 19.8993 -0.0596646
-211.949 19.9396 -0.0638846
-210.932 19.9771 -0.0681046
-209.914 20.0104 -0.0723346
-208.895 20.0584 -0.0452346
-207.875 20.1142 -0.0494647
-206.822 20.1634 -0.0539647
-205.768 20.2084 -0.0584747
-204.716 20.2484 -0.0629747
-203.697 20.2852 -0.0672147
-202.678 20.3205 -0.0714448
-201.593 20.3682 -0.00310478
-200.539 20.4677 -0.0075948
-199.519 20.5617 -0.0118248
-198.467 20.652 -0.0148248
-197.447 20.7382 -0.0190349
-196.427 20.8202 -0.0247549
-195.407 20.9305 0.00831508
-194.352 21.0469 0.0141851
-193.331 21.1628 0.00994504
-192.276 21.2743 0.00394502
-191.254 21.3873 0.00866501
-190.204 21.4296 0.079445
-189.167 21.4527 0.113215
-188.133 21.5036 0.102215
-187.084 21.5438 0.091115
-186.015 21.5753 0.0798449
-184.976 21.592 0.0688349
-183.942 21.6351 0.135435
-182.907 21.6894 0.0945848
-181.871 21.7182 0.0806148
-180.834 21.7364 0.0711048
-179.796 21.7431 0.0601047
-178.758 21.7393 0.0476247
-177.718 21.7233 0.0366147
-176.678 21.6967 0.0256246
-175.604 21.66 0.0158446
-174.542 21.6494 4.45402e-05
-173.475 21.6335 -0.0150755
-172.407 21.6028 -0.0301655
-171.341 21.5551 -0.0452856
-170.285 21.5023 -0.0280856
-169.241 21.4918 0.0137343
-168.228 21.4998 0.0110643
-167.216 21.5057 0.00835423
-166.203 21.5087 0.00567418
-165.188 21.5067 0.000644131
-164.168 21.4931 -0.00791592
-163.148 21.471 -0.016486
-162.129 21.4404 -0.025056
-161.108 21.4013 -0.033626
-159.919 21.3372 -0.0426661
-158.731 21.2603 -0.0512461
-157.694 21.2494 0.0964038
-156.499 21.3633 0.0873238
-155.453 21.4709 0.0547637
-154.404 21.5211 -0.0389564
-153.357 21.5189 -0.0476364
-152.331 21.3345 -0.262247
-151.189 21.0205 -0.410807
-150.058 20.6179 -0.422617
-149.146 19.9292 -0.771447
-148.286 19.1835 -0.772527
-147.633 18.3699 -1.07229
-147.111 17.4932 -1.08424
-146.691 16.5697 -1.30508
-146.377 15.5728 -1.31731
-146.108 14.5935 -1.32881
-145.942 13.5661 -1.33697
-145.778 12.5034 -1.34839
-145.631 11.472 -1.35804
-145.494 10.4382 -1.36769
-145.366 9.40278 -1.37735
-145.248 8.36425 -1.387
-145.112 7.33333 -1.33248
-144.95 6.30478 -1.34213
-144.797 5.27379 -1.35179
-144.654 4.24111 -1.36145
-144.521 3.20683 -1.3711
-144.397 2.17086 -1.38077
-144.276 1.09963 -1.3907
-144.16 0.0626121 -1.32425
-143.948 -0.949983 -1.26377
-143.642 -1.96496 -1.15133
-143.186 -2.94186 -0.976489
-142.622 -3.81065 -0.880459
-142.021 -4.65221 -0.830699
-141.376 -5.45198 -0.763029
-140.664 -6.17851 -0.646119
-139.91 -6.85613 -0.656029
-139.043 -7.65596 -0.667619
-138.253 -8.30272 -0.694579
-137.326 -9.04665 -0.740239
-136.484 -9.6874 -0.647409
-135.656 -10.2957 -0.685739
-134.786 -10.8323 -0.51181
-133.835 -11.1816 -0.32594
-132.675 -11.4342 -0.26194
-131.509 -11.6714 -0.25175
-130.498 -11.8424 -0.18824
-129.509 -11.9919 -0.18301
-128.518 -12.1428 -0.17861
-127.493 -12.2947 -0.17456
-126.502 -12.4343 -0.17015
-125.297 -12.6189 -0.1693
-124.125 -12.7991 -0.12305
-122.984 -12.9594 -0.130261
-121.843 -13.1155 -0.0941906
-120.68 -13.2414 -0.100871
-119.647 -13.3611 -0.111081
-118.648 -13.4855 -0.119531
-117.651 -13.6191 -0.127971
-116.653 -13.7612 -0.136421
-115.487 -13.9581 -0.146131
-114.328 -14.1709 -0.155761
-113.325 -14.2771 -0.0252714
-112.315 -14.3674 -0.0783415
-111.146 -14.4944 -0.0879416
-110.135 -14.5549 -0.0186017
-109.125 -14.5879 0.0238782
-107.954 -14.5457 0.0904081
-106.935 -14.4701 0.081548
-105.906 -14.3949 0.0705579
-104.844 -14.3284 0.0592978
-103.814 -14.2745 0.0483077
-102.784 -14.2192 0.0567176
-101.609 -14.1149 0.0579375
-100.466 -14.0021 -2.25873e-05
-99.3198 -13.9078 -0.0543328
-98.1789 -13.867 -0.110223
-97.1511 -13.7967 0.0592566
-96.0832 -13.7305 -0.00608199
-94.9188 -13.6307 -0.00402415
-93.758 -13.5166 -0.00572508
-92.5825 -13.4053 -0.0314269
-91.4828 -13.6209 -0.304451
-90.3636 -13.8715 -0.30627
-89.2779 -14.1134 -0.30483
-88.124 -14.2014 -0.14549
-86.9688 -14.1896 -0.0636302
-85.7742 -14.1366 -0.02079
-84.7314 -14.123 -0.02769
-83.6897 -14.1142 -0.0345899
-82.6476 -14.1133 -0.0414898
-81.6058 -14.1195 -0.0483897
-80.5644 -14.1327 -0.0552897
-79.4901 -14.1553 -0.0624496
-78.4422 -14.1667 -0.0690395
-77.4017 -14.1997 -0.0759294
-76.3299 -14.242 -0.0830994
-75.2901 -14.2891 -0.0899993
-74.2514 -14.344 -0.0968992
-73.2143 -14.4044 -0.103789
-72.1769 -14.4727 -0.110689
-71.1075 -14.5509 -0.117859
-70.0715 -14.6326 -0.124759
-69.0365 -14.7219 -0.131659
-67.9652 -14.7592 -0.0612288
-66.9243 -14.754 -0.0352987
-65.8489 -14.754 -0.0439487
-64.8087 -14.7615 -0.0508486
-63.7672 -14.7747 -0.0562485
-62.7276 -14.7964 -0.0631384
-61.6537 -14.826 -0.0703084
-60.614 -14.8611 -0.0786883
-59.5747 -14.9032 -0.0855882
-58.5364 -14.9517 -0.0924782
-57.4984 -15.0072 -0.0978781
-56.4615 -15.0705 -0.104778
-55.4223 -15.0857 -0.028108
-54.3806 -15.0784 -0.0349979
-53.3399 -15.0774 -0.0418878
-52.2992 -15.0184 0.0317922
-51.2575 -14.9502 0.0249023
-50.1813 -14.8887 0.0177324
-49.1096 -14.8163 0.110552
-48.0631 -14.548 0.246643
-47.0182 -14.1649 0.446623
-46.0806 -13.5537 0.595872
-45.3135 -12.7205 1.06569
-44.9014 -11.687 1.3373
-44.6325 -10.6713 1.33041
-44.3565 -9.65734 1.32352
-44.0827 -8.6426 1.40467
-43.9006 -7.60859 1.41866
-43.7101 -6.57494 1.41175
-43.514 -5.54302 1.40485
-43.3049 -4.47772 1.39766
-43.0941 -3.44861 1.39076
-43.0315 -2.70687 1.96334
-43.7588 -1.75448 2.24269
-44.4657 -0.833492 2.23238
-44.9159 -0.273837 1.64873
-44.9661 -0.212665 1.09189
-45.0171 -0.154995 0.535463
-45.07 -0.10573 -0.0552789
-44.0411 -0.203305 -0.0306444
-42.8505 -0.294479 -0.0354259
-41.658 -0.359558 -0.046125
-40.5987 -0.428145 -0.0555854
-39.4106 -0.526999 -0.113304
-38.2319 -0.64663 -0.120125
-37.2305 -0.769079 -0.128274
-36.1963 -0.875395 -0.0844743
-35.1931 -0.962528 -0.0926042
-34.1917 -1.05665 -0.0843341
-33.1549 -1.12275 -0.0703536
-32.1172 -1.1988 -0.0787627
-31.1103 -1.23797 -0.0391633
-30.1028 -1.27929 -0.0473224
-29.0624 -1.32857 -0.0408234
-28.0564 -1.37123 -0.0489734
-27.0508 -1.42239 -0.0571138
-26.0125 -1.47227 0.00907735
-25.0063 -1.46611 -0.000542834
-24.0005 -1.46983 -0.0086812
-22.9929 -1.48 -0.0168216
-21.9546 -1.50015 -0.0252204
-20.95 -1.52646 -0.0333501
-19.9436 -1.56207 -0.0414884
-18.939 -1.60609 -0.0496285
-17.9341 -1.6579 -0.0577576
-16.9303 -1.71745 -0.0658978
-15.8921 -1.76873 -0.0265578
-14.8516 -1.79891 -0.0349777
-13.812 -1.83681 -0.0433885
-12.8061 -1.88231 -0.0515287
-11.7677 -1.88335 0.0325717
-10.7602 -1.85317 0.0244226
-9.71989 -1.82954 0.0160036
-8.71114 -1.8157 0.00784368
-7.70346 -1.8096 -0.000306124
-6.69619 -1.81198 -0.00844614
-5.68796 -1.8229 -0.0165964
-4.68075 -1.84154 -0.0247468
-3.67322 -1.86801 -0.0328977
-2.66614 -1.90293 -0.0410479
-1.62627 -1.94864 -0.0494679
-0.585318 -2.00148 -0.0578884
-0.259834 -2.0341 -0.621581
-0.261993 -2.04957 -1.20057
