0 0 1.57431
0.0588354 0.52757 1.50605
0.101525 0.933609 1.43643
0.134295 1.39452 1.43447
0.159938 1.79588 1.49347
0.167897 2.23062 1.53676
0.169669 2.66981 1.53675
0.188521 3.09286 1.53572
0.181732 3.50954 1.5282
0.188783 3.93127 1.51492
0.217491 4.37747 1.51158
0.232675 4.83333 1.49637
0.259003 5.24826 1.49443
0.270494 5.65733 1.4799
0.315209 6.13143 1.4709
0.348102 6.56601 1.46218
0.397787 6.98847 1.45161
0.440496 7.42608 1.44598
0.491603 7.8615 1.44266
0.519693 8.27864 1.42457
0.593478 8.72347 1.42269
0.643253 9.14412 1.40759
0.714793 9.57087 1.40532
0.78101 10.0084 1.40501
0.828785 10.1334 1.05959
1.09569 10.2468 0.0389034
1.09392 10.1768 -2.12921
0.812633 9.76616 -2.05326
0.697123 9.37662 -1.79569
0.586148 8.95473 -1.79223
0.584412 8.52251 -1.57056
0.573771 8.09255 -1.47486
0.620957 7.6698 -1.37367
0.718348 7.23833 -1.43136
0.722682 6.71246 -1.6214
0.685478 6.16012 -1.62896
0.651011 5.73373 -1.63998
0.631305 5.28576 -1.6582
0.596377 4.88074 -1.66673
0.53199 4.45295 -1.68345
0.482015 4.0261 -1.70293
0.436553 3.61339 -1.7163
0.346457 3.16924 -1.72755
0.29657 2.74855 -1.7144
0.224579 2.31017 -1.68293
0.196259 1.88842 -1.69636
0.135947 1.4735 -1.70086
0.0685955 1.0553 -1.71354
0.0648783 0.620168 -1.51959
0.102126 0.201529 -1.5193
0.0985013 -0.242557 -1.5232
0.125073 -0.660526 -1.53463
0.120394 -1.07826 -1.5502
0.144367 -1.49939 -1.57223
0.115279 -1.92779 -1.59192
0.0846651 -2.36175 -1.61451
0.0964278 -2.90751 -1.60769
0.111889 -3.33645 -1.46869
0.175805 -3.7509 -1.49861
0.189723 -4.20024 -1.52628
0.196328 -4.64196 -1.56178
0.210667 -5.07111 -1.57462
0.178807 -5.486 -1.58824
0.204738 -5.92087 -1.61316
0.205964 -6.34265 -1.63588
0.19391 -6.79505 -1.64082
0.147112 -7.21625 -1.64084
0.115956 -7.63555 -1.65289
0.0924696 -8.08959 -1.65426
0.0671877 -8.51323 -1.66082
0.0442672 -8.93992 -1.56128
0.0579968 -9.37333 -1.56887
0.0631414 -9.80502 -1.57049
0.0742684 -10.2044 -1.5792
0.0803675 -10.6591 -1.57815
0.0659146 -11.1177 -1.58834
0.0625421 -11.5141 -1.6007
0.0501704 -11.9852 -1.60175
0.0433523 -12.4157 -1.60932
0.0364649 -12.8158 -1.61373
0.0281818 -13.2659 -1.55467
0.0304591 -13.412 -1.51692
0.0310784 -13.5823 -1.50275
0.0876259 -13.9935 -1.49128
0.124099 -14.4014 -1.49418
0.103071 -14.834 -1.67962
0.0526941 -15.251 -1.6643
0.0152218 -15.6966 -1.65874
-0.0128089 -16.1094 -1.64518
-0.0115393 -16.5438 -1.65851
-0.0611403 -16.9796 -1.65529
-0.0806101 -17.4032 -1.64918
-0.141498 -17.8533 -1.6304
-0.151806 -18.28 -1.62776
-0.162166 -18.7103 -1.63539
-0.224728 -19.1446 -1.63055
-0.244255 -19.576 -1.63975
-0.249038 -19.9472 -1.66735
-0.297471 -20.4171 -1.66449
-0.313894 -20.8292 -1.66379
-0.349334 -21.262 -1.67099
-0.394641 -21.6889 -1.66794
-0.410444 -22.1288 -1.51537
-0.327703 -22.5472 -1.36548
-0.234217 -22.9677 -1.38432
-0.189039 -23.4046 -1.5645
-0.231591 -23.7962 -1.85457
-0.381952 -23.9201 -2.92252
-0.455963 -23.5962 1.46957
-0.403526 -23.1819 1.42746
-0.311157 -22.7306 1.44616
-0.269785 -22.288 1.45763
-0.216301 -21.8464 1.46131
-0.164462 -21.4047 1.46497
-0.128243 -20.9772 1.45537
-0.078741 -20.549 1.46778
-0.035014 -20.1332 1.56295
-0.0423229 -19.7151 1.57693
-0.0480694 -19.2521 1.57479
-0.0732831 -18.8587 1.56031
-0.0483885 -18.425 1.55529
-0.0246289 -17.9869 1.43097
0.0338029 -17.5802 1.46224
0.0672504 -17.1611 1.48227
0.131219 -16.699 1.48086
0.172585 -16.271 1.47101
0.188552 -15.8518 1.54383
0.197691 -15.4161 1.64928
0.160846 -14.9719 1.64121
0.109941 -14.5234 1.61613
0.100489 -14.0875 1.5341
0.116714 -13.6618 1.51135
0.166015 -13.206 1.49856
0.194714 -12.8298 1.48
0.207477 -12.3484 1.5698
0.129201 -11.938 1.94665
-0.0489739 -11.5506 2.06468
-0.285711 -11.2254 2.26679
-0.581778 -10.9265 2.62732
-0.990009 -10.8192 3.10629
-1.42356 -10.8934 -3.0096
-1.86472 -10.9269 -3.1252
-2.29322 -10.885 3.05367
-2.73028 -10.8356 3.05005
-3.12589 -10.8756 -3.04166
-3.59793 -10.8954 -3.04359
-4.01242 -10.9242 3.12793
-4.42567 -10.9045 -3.08759
-4.85484 -11.0025 -2.68776
-5.19233 -11.2931 -2.27192
-5.32408 -11.618 -1.6709
-5.24824 -11.982 -1.10437
-4.98882 -12.2226 -0.625509
-4.66791 -12.435 -0.475099
-4.2716 -12.5758 -0.0794594
-3.83239 -12.5612 0.0810478
-3.42148 -12.5658 -0.0488388
-3.18833 -12.613 -0.685095
-3.13844 -13.0077 -1.32346
-2.96776 -13.3736 -0.922114
-2.82869 -13.5202 -0.739311
-2.9215 -13.4396 -0.880038
-2.83337 -13.8453 -1.3889
-2.78637 -14.183 -1.53195
-2.93945 -14.68 -2.18477
-3.26017 -14.9705 -2.75518
-3.67693 -15.0508 -3.06178
-4.2388 -15.0078 2.98847
-4.68047 -15.0259 -2.79319
-4.97913 -15.1345 -2.55399
-4.91315 -15.0856 -2.51653
-5.00916 -15.1351 -2.41474
-5.13841 -15.2112 -2.61178
-5.50665 -15.4265 -2.59431
-5.8533 -15.717 -2.14015
-5.91147 -16.1157 -1.57286
-5.75859 -16.5186 -0.988229
-6.05188 -16.299 -0.739811
-6.26725 -16.1447 -0.546811
-6.01077 -16.1951 -0.0662111
-5.98093 -16.1807 0.442991
-5.81538 -15.977 0.944754
-5.63766 -15.5818 0.975725
-5.28931 -15.333 0.546224
-4.96384 -15.1136 0.568316
-4.55364 -14.8777 0.342274
-4.13381 -14.8776 -0.221277
-3.80074 -15.1043 -0.789758
-3.59176 -15.5155 -1.37361
-3.65309 -15.9019 -1.82215
-3.65876 -16.3723 -1.43068
-3.56828 -16.7472 -1.43233
-3.60939 -16.3575 -1.45284
-3.71152 -15.9527 -1.45147
-3.61251 -16.0107 -0.981982
-3.55227 -16.0886 -0.345316
-3.5618 -16.0824 0.088756
-3.52559 -16.0532 0.698519
-3.33403 -15.7185 1.29999
-3.24818 -15.2697 1.25223
-2.99808 -14.9478 1.02709
-2.90847 -14.6148 1.62448
-2.9125 -14.1596 1.39445
-2.7805 -13.7734 1.18693
-2.68055 -13.3497 1.5394
-2.68053 -12.944 1.52354
-2.65546 -12.5126 1.54079
-2.60847 -12.0878 1.19725
-2.35296 -11.7275 0.880149
-2.05628 -11.2898 1.01233
-1.76986 -10.9912 0.542493
-1.35113 -10.8716 -0.0445658
-0.943203 -11.0251 -0.628872
-0.684409 -11.3596 -1.22048
-0.603601 -11.7886 -1.45513
-0.488546 -12.2128 -1.20581
-0.361567 -12.6166 -1.32552
-0.259627 -13.0482 -1.47893
-0.266521 -13.5951 -1.65274
-0.307966 -13.9906 -1.58141
-0.253827 -14.4493 -1.38156
-0.177988 -14.8661 -1.48142
-0.158891 -15.2912 -1.46956
-0.116751 -15.7324 -1.46855
-0.0654946 -16.1446 -1.46587
-0.0125361 -16.5873 -1.48116
0.0137261 -16.9932 -1.47478
0.0577666 -17.4194 -1.49932
0.0832359 -17.8507 -1.56487
0.0736097 -18.2826 -1.63469
0.0281099 -18.7119 -1.66236
0.00388914 -19.1344 -1.57445
0.034556 -19.5847 -1.31757
0.172705 -19.982 -1.34899
0.205407 -20.0971 -1.34603
0.145863 -19.8873 -0.732483
0.382553 -19.9894 -0.0850882
0.792166 -20.0132 -0.0675858
1.20526 -20.0544 0.0536221
1.71177 -19.924 0.376924
2.13591 -19.8113 0.0666789
2.54872 -19.7775 0.180714
2.98425 -19.7359 0.196647
3.4069 -19.7225 -0.165286
3.84668 -19.8337 -0.0676185
4.13872 -19.7936 0.282005
4.55365 -19.8206 -0.38026
4.91485 -20.0054 -0.517844
5.28622 -20.1993 -0.446369
5.30697 -20.2139 0.219164
5.43369 -20.138 0.674234
5.26739 -20.3076 1.281
5.2386 -19.9798 1.92059
5.39812 -20.1968 2.45787
5.12008 -20.1434 2.81787
4.75232 -19.9992 2.72788
4.24511 -19.8594 2.83903
3.82138 -19.7926 3.10758
3.37102 -19.8042 -3.11445
2.9556 -19.8457 -2.84219
2.56738 -20.0527 -2.59664
2.16856 -20.1738 -3.05623
1.73581 -20.1152 2.87157
1.32589 -19.9897 2.86335
0.912621 -19.9359 -2.90773
0.646389 -20.0907 -2.30949
0.410573 -20.4718 -2.07725
0.210273 -20.8534 -1.93831
0.0884431 -21.2792 -1.84512
0.00819503 -21.683 -1.75707
-0.0440554 -22.1136 -1.78825
-0.188577 -22.5247 -1.888
-0.322165 -22.9214 -2.01772
-0.498404 -23.2668 -2.04755
-0.589683 -23.4369 -2.08355
-0.563149 -23.3377 -1.60923
-0.437968 -23.6146 -0.988329
-0.0943591 -23.8354 -0.396192
0.309619 -23.8799 0.195274
0.743657 -23.7679 0.278053
1.12545 -23.6325 0.270634
1.55218 -23.5017 0.494061
1.87233 -23.2707 0.442751
2.27996 -23.195 -0.0988984
2.48739 -23.2286 -0.097063
2.41831 -23.1771 0.286835
2.80245 -23.0599 0.285119
3.24032 -22.9684 0.0683146
3.59958 -22.9929 -0.140692
3.20009 -22.9791 0.0156951
2.67265 -22.9931 0.147895
2.15446 -23.1577 0.303095
1.72247 -23.3015 0.324327
1.33146 -23.4267 0.340089
0.923376 -23.5717 0.361864
0.58431 -23.7034 0.413709
0.59528 -23.6854 1.03624
0.588964 -23.6733 1.63823
0.401412 -23.2044 1.87805
0.303563 -22.7948 1.9506
0.0967701 -22.3866 2.02902
-0.0232258 -22.0756 1.83931
-0.113827 -21.7048 1.64045
-0.063924 -21.2556 1.43736
-0.0584843 -20.8635 1.5585
-0.0404529 -20.4205 1.56019
-0.00684302 -19.9963 1.56876
-0.0359249 -19.5603 1.57439
-0.0381511 -19.0376 1.57609
-0.0213548 -18.6006 1.52442
0.0480373 -18.1739 1.4245
0.125734 -17.7365 1.35231
0.220124 -17.2997 1.35027
0.29478 -16.8908 1.34532
0.396267 -16.469 1.3522
0.512783 -16.0408 1.17418
0.7492 -15.7044 0.777736
1.12012 -15.5341 0.196412
1.55154 -15.5557 -0.394495
1.86323 -15.8348 -0.975211
1.99945 -16.2419 -1.55572
1.95701 -16.6649 -1.59631
2.01239 -17.0881 -1.36847
2.04151 -17.1732 -0.805201
2.24688 -17.2947 -0.202672
2.45324 -17.2333 0.402338
2.77914 -16.9478 1.00551
2.95058 -16.5489 1.1948
3.16863 -16.1737 0.902957
3.45931 -15.9303 0.419008
3.9176 -15.8244 0.236896
4.32891 -15.8381 -0.224155
4.69736 -16.0289 -0.81191
4.93825 -16.3614 -1.00802
5.08229 -16.5243 -0.5623
5.22728 -16.5841 0.0381246
5.19141 -16.5707 0.623957
5.18473 -16.5426 1.21179
5.14447 -16.4462 1.80023
4.95365 -16.208 2.39901
4.55739 -16.042 2.97524
4.10559 -16.0228 3.09153
3.61574 -15.8736 2.66709
3.21702 -15.7097 2.9585
2.82417 -15.6853 3.00078
2.34416 -15.5973 2.84451
1.91569 -15.5149 3.00765
1.50663 -15.412 3.11456
1.07499 -15.4347 3.09268
0.668537 -15.3298 2.66169
0.39018 -15.0192 2.07404
0.302788 -14.6148 1.48893
0.427194 -14.179 1.26444
0.501247 -13.7493 1.53852
0.413807 -13.3557 1.78579
0.331651 -12.9395 1.78853
0.23164 -12.4101 1.78729
0.162425 -11.9789 1.65097
0.207137 -11.5506 1.19199
0.455698 -11.1937 0.731414
0.846973 -10.9843 0.325505
1.291 -10.8695 0.0943874
1.69162 -10.9633 -0.487909
1.98507 -11.2568 -1.02208
2.11825 -11.6516 -1.53389
2.08942 -12.0861 -1.72317
2.11531 -12.1495 -1.44333
2.22594 -12.6552 -1.42222
2.30509 -13.1811 -1.25977
2.21348 -12.8874 -0.88405
2.18252 -12.8784 -0.324355
2.352 -13.062 -0.524513
2.34959 -13.0245 0.0596546
2.37985 -12.9917 0.666823
2.6842 -12.6433 0.880129
3.12741 -12.3615 0.225079
3.5665 -12.3535 -0.041445
3.99404 -12.4235 -0.150257
4.3414 -12.4911 -0.183454
4.55258 -12.4819 0.289337
4.76413 -12.3149 0.824026
4.99218 -11.9492 1.00812
5.31192 -11.6119 0.516057
5.11803 -11.7349 0.618641
4.92136 -11.8692 1.18088
4.89822 -11.4778 1.77537
4.8209 -11.4545 2.31312
4.64427 -11.3957 2.93559
4.20648 -11.3037 2.92538
3.79916 -11.1997 2.85603
3.35087 -11.138 -3.09779
2.84966 -11.1818 -3.06807
2.41128 -11.1343 2.83597
1.99039 -11.0027 2.87769
1.57915 -10.9724 3.09846
1.13564 -10.9744 3.11005
0.714437 -10.9486 3.11637
0.314353 -11.008 -2.73605
-0.0107299 -11.2819 -2.14272
-0.113487 -11.6979 -1.55653
-0.0401833 -12.1264 -1.50524
-0.0576576 -12.445 -1.64587
-0.0615071 -12.4382 -1.6507
-0.0165281 -12.6541 -1.24928
0.00792791 -12.7101 -0.667352
0.0357576 -12.7025 -0.0828886
0.18674 -12.6474 0.52792
0.364723 -12.3853 1.13896
0.415692 -11.9698 1.67613
0.32352 -11.5205 1.78827
0.251647 -11.1194 1.70043
0.195246 -10.5851 1.6934
0.126954 -10.1397 1.6833
0.0870971 -9.7261 1.79303
-0.139639 -9.34064 2.34852
-0.451392 -9.06782 2.65546
-0.831464 -8.87499 2.49767
-1.1783 -8.64056 2.55587
-1.57046 -8.43119 2.846
-1.96519 -8.31245 2.70752
-2.40045 -8.18734 3.07661
-2.7966 -8.18662 3.13492
-3.27955 -8.14653 2.99947
-3.65206 -8.05504 2.77328
-4.10184 -7.77223 2.45872
-4.41117 -7.45991 2.37108
-4.79551 -7.27992 2.90575
-4.99379 -7.22297 -2.98817
-4.62344 -7.12969 -2.49412
-4.72456 -7.29021 -1.90822
-4.72958 -7.73025 -1.30872
-4.50941 -8.08626 -0.714781
-4.21096 -8.18536 -0.273209
-3.78774 -8.22759 -0.111187
-3.36563 -8.33242 -0.309585
-2.95259 -8.42529 0.0586071
-2.52277 -8.42536 -0.159171
-2.0671 -8.49878 -0.103494
-1.65477 -8.47744 0.14054
-1.23866 -8.4346 0.125311
-0.825954 -8.39019 0.147839
-0.445104 -8.22364 0.607704
-0.15414 -7.91272 1.10131
-0.157467 -7.89503 1.23238
-0.0108588 -7.51994 1.20362
0.0993129 -7.08522 1.50086
0.0972178 -6.65709 1.54998
0.0976388 -6.226 1.56335
0.119456 -5.77811 1.56443
0.119948 -5.36304 1.55656
0.126121 -4.81734 1.54839
0.147324 -4.38499 1.54518
0.143875 -3.94976 1.52945
0.144525 -3.53204 1.51783
0.182225 -3.08044 1.51288
0.219022 -2.63832 1.51031
0.235881 -2.23902 1.50212
0.242522 -1.79555 1.70717
0.0624781 -1.41801 2.30975
-0.303197 -1.18182 2.88676
-0.832541 -1.10887 3.05658
-1.23026 -1.08458 -3.03206
-1.69715 -1.18922 -3.07602
-2.13274 -1.13475 3.02308
-2.56687 -1.1547 -3.00353
-2.97886 -1.24438 -2.94254
-3.39823 -1.31418 -2.98208
-3.90188 -1.37892 -3.08397
-4.24733 -1.40467 3.13682
-4.13032 -1.38097 1.83894
-3.79493 -1.26395 0.052404
-3.34585 -1.25555 0.115115
-2.97591 -1.06135 0.68657
-2.75154 -0.686186 1.28292
-2.64991 -0.282094 1.5153
-2.76354 0.236699 1.83923
-2.87129 0.682306 1.85245
-3.07429 1.06582 2.23127
-3.42781 1.24613 2.81849
-3.89901 1.37721 2.98798
-4.21827 1.46221 2.70145
-4.4224 1.50016 2.94637
-4.45961 1.50153 2.59336
-4.46042 1.59213 1.42785
-4.09897 1.60557 -0.065432
-3.57672 1.46343 -0.481056
-3.20874 1.23084 -0.519637
-2.7414 0.918813 -0.763679
-2.57621 0.535574 -1.33233
-2.55356 0.0988346 -1.58561
-2.52962 -0.33087 -1.59553
-2.57317 -0.72537 -1.71239
-2.66544 -1.14056 -1.85301
-2.7604 -1.57457 -1.77422
-2.82654 -2.01351 -1.63688
-2.85965 -2.45061 -1.63904
-2.91376 -2.88781 -1.71856
-3.01322 -3.29647 -1.80561
-3.1161 -3.73162 -1.81585
-3.14801 -4.15756 -1.51822
-3.02388 -4.54721 -1.16355
-2.82272 -4.93947 -1.06685
-2.55484 -5.26149 -0.666835
-2.17406 -5.46492 -0.478106
-1.79245 -5.65608 -0.295517
-1.37909 -5.67844 0.0750899
-0.971024 -5.56297 0.384085
-0.61064 -5.30858 0.793826
-0.386168 -4.96327 1.20303
-0.325622 -4.54806 1.49094
-0.285382 -4.12197 1.51597
-0.288762 -3.68759 1.53216
-0.244915 -3.26108 1.55974
-0.249946 -2.8415 1.58083
-0.241826 -2.38033 1.62454
-0.294756 -1.96417 1.82715
-0.56563 -1.49347 2.27782
-0.882439 -1.22179 2.68391
-1.39807 -1.11797 3.12845
-1.83528 -1.15436 -3.04734
-2.28652 -1.23693 -2.85543
-2.61575 -1.50729 -2.277
-2.77395 -1.89286 -1.68187
-2.80673 -2.31342 -1.59833
-2.88661 -2.64448 -2.22558
-3.25691 -2.90682 -2.66719
-3.6868 -2.97565 3.05932
-4.07657 -2.86746 2.87913
-4.49976 -2.75387 2.97802
-4.7829 -2.71706 3.04158
-4.5169 -2.7039 -3.05832
-4.59904 -2.76575 -2.57214
-4.60275 -2.81643 -1.98062
-4.6481 -3.04113 -1.56668
-4.78264 -3.24262 -1.87896
-4.93107 -3.67861 -1.96208
-5.1414 -4.03734 -2.28879
-5.39224 -4.20402 -2.58382
-5.67338 -4.38537 -2.32072
-5.79991 -4.68317 -1.85676
-5.79299 -5.05551 -1.2916
-5.67843 -5.14216 -0.769962
-5.27971 -5.32609 -0.181045
-5.05112 -5.30603 0.247206
-4.58863 -5.20344 0.186747
-4.1658 -5.14123 0.138014
-3.74493 -5.10061 0.139364
-3.39678 -4.97254 0.6376
-3.15098 -4.7118 0.710162
-2.64729 -4.81329 -0.238284
-2.18408 -5.03844 -0.485505
-1.79091 -5.22349 -0.496196
-1.41151 -5.44025 -0.49723
-1.0361 -5.65759 -0.452733
-0.867018 -5.6952 0.158539
-0.483007 -5.49283 0.755907
-0.270273 -5.1265 1.29841
-0.16794 -4.6926 1.31175
-0.0954465 -4.27526 1.4656
-0.0779061 -3.84635 1.5579
-0.0703145 -3.40965 1.59178
-0.0985726 -2.97367 1.6083
-0.0922802 -2.54152 1.60086
-0.171426 -2.13097 1.90876
-0.298678 -1.72903 1.70366
-0.299779 -1.28224 1.45933
-0.21729 -0.852291 1.27175
-0.0274876 -0.441174 1.04378
0.252355 -0.128056 0.825545
0.63418 0.217243 0.532109
1.06686 0.368753 0.298353
1.49991 0.380196 -0.00272484
1.91795 0.387226 -0.00395895
2.33068 0.384764 -0.0163394
2.77353 0.353556 -0.0172047
3.22249 0.363125 -0.015547
3.76578 0.341953 0.0188657
4.17386 0.381538 0.358736
4.36621 0.498563 0.331533
4.88365 0.442577 -0.384391
5.26855 0.0765875 -1.03008
5.56302 -0.276265 -0.590792
5.38809 -0.18951 -0.381915
5.56501 -0.198099 0.25411
5.7114 -0.113482 0.865625
5.84219 0.151828 1.45222
5.73246 0.284565 2.05562
5.45034 0.549498 2.65426
5.03428 0.61703 -3.02685
4.63983 0.501563 -2.66476
4.2448 0.36732 -2.96915
3.80652 0.443175 2.74559
3.43128 0.648588 2.41374
3.18151 0.936028 2.26899
3.05558 1.02225 2.77715
2.68279 0.997978 -2.89493
2.31536 0.801387 -2.36052
2.00207 0.491189 -2.4728
1.63866 0.332863 -2.99434
1.2126 0.406445 2.71646
0.908389 0.678395 2.12963
0.769538 1.07899 1.65307
0.715835 1.59052 1.82414
0.540442 2.00002 2.01561
0.424417 2.42939 1.8394
0.364003 2.85115 1.65345
0.337789 3.23334 1.44681
0.402818 3.71173 1.45207
0.451438 4.08684 1.44718
0.51036 4.55558 1.45712
0.574781 4.99408 1.45631
0.592693 5.37419 1.44795
0.650548 5.80005 1.44826
0.696601 6.23057 1.4438
0.774615 6.66451 1.44773
0.826043 7.23224 1.38591
0.919036 7.6023 1.36249
0.99375 8.183 1.58755
0.94249 8.62007 1.80046
0.817101 9.02673 1.80453
0.717956 9.53807 1.82549
0.635776 9.93534 1.8365
0.50767 10.3708 1.75849
0.511897 10.7745 1.42493
0.690192 11.1735 0.834783
1.05844 11.3482 0.256749
1.47319 11.3722 -0.0851122
1.91306 11.3453 -0.0806942
2.32969 11.2988 -0.0882972
2.75132 11.2115 -0.263606
3.17476 11.1213 -0.326607
3.59324 10.9857 -0.285281
3.98889 10.8766 -0.232569
4.54503 10.7791 -0.122907
4.97204 10.7636 -0.0395152
5.39433 10.7785 0.052433
5.83161 10.8201 0.167593
6.11448 10.9145 0.465356
6.22502 11.0078 1.04394
6.23287 11.1231 1.63448
6.19939 11.0986 2.2169
6.09802 11.1272 2.82198
5.65714 11.1751 3.11782
5.14621 11.1591 -3.09582
4.69855 11.1673 -3.10831
4.27919 11.1463 -3.12514
3.8544 11.1664 -3.138
3.40506 11.1699 3.1235
2.98208 11.1768 3.08555
2.56456 11.1686 3.11006
2.13349 11.1598 -2.84821
1.75484 10.9758 -2.53683
1.45673 10.6153 -2.24263
1.17213 10.2948 -2.26382
0.918978 9.85738 -2.0986
0.765442 9.4681 -1.72434
0.735905 9.02676 -1.67541
0.678488 8.48951 -1.62851
0.702473 8.07002 -1.40505
0.909279 7.66803 -0.897346
1.23897 7.41413 -0.505484
1.62644 7.24347 -0.310843
2.01248 7.07006 -0.278708
2.40928 6.91775 -0.81014
2.62173 6.56692 -1.3988
2.70596 6.12076 -1.39908
2.70945 5.69372 -1.70905
2.66986 5.2511 -1.5816
2.68611 4.82173 -1.48893
2.71189 4.28439 -1.5564
2.74775 3.7737 -1.5478
2.86218 3.39634 -0.891111
3.03225 3.2596 -0.285378
3.37071 3.29397 0.2895
3.78967 3.43499 0.360918
4.20248 3.45038 -0.132234
4.63346 3.39328 -0.193392
5.04179 3.28429 -0.294295
5.46428 3.11201 -0.300275
5.79271 3.10254 0.241816
6.04902 3.27948 0.783838
6.40913 3.68547 0.806252
6.66917 3.94548 0.727577
6.86593 4.07813 0.512623
6.99598 4.20368 1.13751
7.0956 4.68438 1.38392
7.11026 5.09683 1.7969
7.0224 5.52263 1.61999
7.08108 5.91965 1.23403
7.23493 6.40633 1.30577
7.25853 6.50936 1.35186
7.27701 6.71213 1.60181
7.23447 7.09842 1.80696
7.03632 7.4303 2.39443
6.6216 7.60796 2.94232
6.10126 7.71806 2.97232
5.69543 7.77806 2.92746
5.30557 7.92746 2.4549
4.9863 8.27333 2.43919
4.60311 8.45127 2.98328
4.19828 8.41129 -2.97146
3.80764 8.29068 -2.82643
3.55404 8.23633 -3.00074
3.14609 7.99 -2.34958
2.95667 7.59773 -1.75413
2.96655 7.19492 -1.51288
2.90868 6.79148 -1.99051
2.70719 6.45133 -2.22986
2.5778 6.11922 -1.6979
2.62246 5.68409 -1.40072
2.62282 5.28532 -1.65575
2.67729 4.86374 -1.36004
2.71577 4.33171 -1.55291
2.8238 3.93631 -1.14565
3.09672 3.53213 -0.888519
3.44565 3.23893 -0.518326
3.72548 3.15725 -0.0842513
3.74238 3.21215 0.463689
4.18466 3.33268 -0.0507234
4.62665 3.24436 -0.142952
5.02445 3.22131 -0.186505
5.46517 3.2069 0.146203
5.8842 3.30463 0.243971
6.3177 3.43038 0.426439
6.703 3.82057 0.959085
6.79673 4.12596 1.41286
6.82352 4.61958 1.53913
6.94391 5.04492 1.3117
6.9928 5.43274 1.4412
7.04438 5.87645 1.40562
7.12357 6.25166 1.37728
7.11682 6.70626 1.63811
6.95818 7.1673 2.25919
6.58554 7.44394 2.80721
6.17548 7.56703 2.80251
5.67643 7.77164 2.77136
5.25688 7.82469 -3.12713
4.84549 7.7829 -3.01413
4.42709 7.71296 -3.04695
3.96669 7.78619 2.78667
3.61255 8.12162 2.07038
3.557 8.25097 1.73383
3.49921 8.59595 1.80009
3.49583 8.60338 2.42216
3.49002 8.54442 3.01148
3.46469 8.5473 -2.67217
3.22316 8.26496 -2.06546
3.10852 7.73696 -1.76477
2.99305 7.46302 -2.08192
2.60927 7.14507 -2.73367
2.19543 7.12294 -3.04104
1.75748 7.0745 -3.08555
1.32701 7.00996 -2.85219
1.0058 6.73758 -2.26311
0.859239 6.3201 -1.66462
0.919751 5.94735 -1.28507
0.944644 5.49086 -1.72203
0.76562 5.14239 -2.29491
0.469113 4.80209 -2.3351
0.178302 4.46233 -2.10058
-0.0617695 3.96657 -1.96434
-0.141073 3.54852 -1.65343
-0.164848 3.1355 -1.66244
-0.204828 2.70454 -1.67956
-0.23079 2.25781 -1.63761
-0.190527 1.81598 -1.49198
-0.188427 1.41727 -1.4898
-0.1234 0.98069 -1.50055
-0.0989028 0.55047 -1.44355
0.0127257 0.110126 -1.24416
0.161637 -0.286328 -1.19807
0.30448 -0.671027 -1.20688
0.47851 -1.07859 -1.22583
0.599983 -1.4905 -1.21131
0.763493 -1.87389 -1.09851
1.01103 -2.20992 -0.769518
1.34779 -2.45335 -0.413186
1.85318 -2.54848 -0.00263953
2.30366 -2.51251 0.224775
2.56651 -2.42389 0.193633
2.99746 -2.38391 0.109201
3.43829 -2.37608 -0.00449057
3.82639 -2.4173 -0.127166
4.26705 -2.43348 -0.153488
4.71232 -2.48989 -0.0928618
5.14196 -2.56821 -0.0601764
5.53968 -2.57249 -0.182733
5.97432 -2.69837 -0.389342
6.08353 -2.75609 -0.323778
5.97507 -2.70374 0.376407
6.28144 -2.45681 0.980895
6.33648 -2.17047 1.50579
6.32866 -1.75612 1.51242
6.35611 -1.33097 1.25294
6.42186 -1.25098 0.99098
6.45818 -1.18546 1.58502
6.44582 -1.18264 2.00145
6.42018 -1.19983 2.57781
6.38735 -1.18791 3.09678
5.97575 -1.25571 -2.99067
5.53682 -1.33565 -2.87434
5.17519 -1.52273 -2.34438
4.955 -1.75673 -2.52121
4.54048 -1.90642 -3.10208
4.16088 -1.95358 -2.86632
3.77512 -2.11271 -2.83101
3.35161 -2.20922 -2.98083
2.8769 -2.24645 -3.09245
2.46652 -2.28 -2.8094
2.06573 -2.44782 -2.74792
1.66708 -2.61238 -2.74812
1.26285 -2.77462 -2.74507
0.87346 -2.97399 -2.64606
0.568298 -3.27126 -2.10724
0.401194 -3.61599 -2.16262
0.187175 -4.00612 -2.02176
0.0483533 -4.49637 -1.82312
-0.222788 -4.97285 -2.32444
-0.540485 -5.26553 -2.49423
-0.907091 -5.47591 -2.75338
-1.39441 -5.64232 3.03988
-1.8353 -5.51464 2.79065
-2.22369 -5.34867 2.61626
-2.59442 -5.11964 2.47328
-2.94257 -4.82363 2.31778
-3.14103 -4.45988 1.85868
-3.15669 -4.02259 1.36761
-3.03611 -3.62039 1.2064
-2.87479 -3.22153 1.1941
-2.76232 -2.78903 1.43546
-2.75181 -2.37018 1.58406
-2.77033 -1.94565 1.68651
-2.85994 -1.48127 1.64934
-2.79755 -1.02612 1.16053
-2.50672 -0.702687 0.586885
-2.10498 -0.616293 0.00663299
-1.70886 -0.735659 -0.473923
-1.23342 -0.967731 -0.476469
-0.835477 -1.06311 -0.0104091
-0.425378 -0.964071 0.498729
-0.118822 -0.659776 1.01356
-0.0140241 -0.238572 1.51449
-0.0226478 0.184025 1.5314
0.0820546 0.588482 1.30623
0.212635 0.986772 1.24312
0.31671 1.43297 1.22235
0.531422 1.94576 1.21215
0.681176 2.34686 1.2295
0.814533 2.77217 1.30278
0.887977 3.1869 1.41671
0.917986 3.60618 1.56583
0.867031 3.97273 1.78693
0.789688 4.38742 1.80616
0.705165 4.80527 1.80165
0.600566 5.22955 1.78852
0.478181 5.63568 1.78196
0.424432 6.07717 1.77814
0.33096 6.48761 1.9119
0.11976 6.87654 2.22196
-0.304951 7.2094 2.75005
-0.729771 7.1872 -3.01942
-1.09404 6.99147 -2.42001
-1.33515 6.65612 -2.1036
-1.56102 6.26264 -2.05536
-1.67887 5.73516 -1.60466
-1.66362 5.32144 -1.49722
-1.65912 4.93141 -1.53161
-1.63433 4.40027 -1.67799
-1.64928 4.2374 -1.85686
-1.6954 4.1011 -1.92539
-1.75609 3.91334 -1.94571
-1.99628 3.58515 -2.34722
-2.21492 3.55076 -2.86245
-2.57718 3.51739 -3.09227
-2.99444 3.46207 -3.01563
-3.46736 3.35996 -2.8903
-3.65667 3.31309 -2.95937
-3.48172 3.34915 3.09079
-3.46913 3.47221 1.10268
-3.01444 3.61249 0.086506
-2.62048 3.58676 -0.116079
-2.17938 3.66405 0.460364
-1.88095 3.9681 1.06842
-1.77034 4.26519 1.59905
-1.77612 4.37336 1.67593
-1.76613 4.52927 1.5873
-1.77644 4.67644 1.47666
-1.71813 5.10878 1.46679
-1.63047 5.55299 1.44394
-1.59512 5.95886 1.61061
-1.74048 6.35377 2.20432
-2.07468 6.62404 2.61365
-2.48025 6.79184 2.90008
-2.9775 6.97292 2.47693
-3.33477 7.22531 2.63839
-3.74241 7.32838 -3.10819
-4.12646 7.1741 -2.50818
-4.3602 6.81668 -1.94144
-4.47267 6.52921 -1.86651
-4.23996 6.78474 -2.57912
-4.6076 6.71838 -2.98597
-4.5927 6.8527 2.40453
-4.77872 7.2088 1.83263
-4.74905 7.7227 1.3523
-4.76574 8.19378 1.7493
-4.79093 8.3043 1.87608
-4.83951 8.56398 1.6388
-4.3881 8.69332 0.027377
-4.08209 8.63044 -0.381532
-4.33535 8.74149 -0.687902
-4.17069 8.38152 -1.34612
-4.0683 7.97126 -1.40857
-3.98734 7.52993 -1.3486
-3.85934 7.2006 -0.981546
-3.70165 7.13663 -0.380255
-3.30974 6.98962 -0.252069
-2.91719 6.90222 -0.0283784
-2.49899 6.98492 0.371097
-2.11309 7.23934 0.696744
-1.95336 7.40163 0.873239
-1.7713 7.74255 1.40839
-1.78973 8.14411 1.53796
-1.79207 8.46469 1.73972
-1.78565 8.87789 1.38859
-1.71833 9.23474 1.73505
-1.91104 9.45229 2.26048
-2.16257 9.82572 2.00788
-2.20633 10.2537 1.42231
-1.95451 10.7258 0.970882
-1.73807 11.0896 1.04639
-1.54608 11.4608 1.2974
-1.61347 11.3025 1.71811
-1.64256 11.517 2.05775
-1.8425 11.6746 2.57689
-2.01292 11.7842 2.73518
-2.30874 11.8614 2.79142
-2.81204 11.951 -2.93498
-3.19551 11.7761 -2.7619
-3.61558 11.6047 -2.87874
-3.59781 11.6053 -2.28158
-3.51681 11.6596 -1.70229
-3.51352 11.7486 -1.11137
-3.57069 11.8052 -0.506017
-3.36038 11.7708 -0.0467964
-2.94093 11.8704 0.459125
-2.85002 11.9489 0.835681
-2.8062 11.9698 0.909514
-2.74996 11.9488 0.277519
-2.29374 11.8963 -0.343729
-1.91756 11.5995 -0.930298
-1.92424 11.5741 -0.905186
-1.77362 11.3637 -1.17226
-1.72442 10.904 -1.78021
-1.87103 10.4635 -1.84036
-1.84358 10.0726 -1.32652
-1.71354 9.55558 -1.41233
-1.70525 9.09459 -1.57467
-1.64511 8.69542 -1.3802
-1.65886 8.294 -1.81927
-1.80018 7.89463 -1.82656
-1.88255 7.46082 -1.63853
-1.87794 7.27416 -1.50309
-1.76978 7.13129 -1.01536
-1.46142 6.86067 -0.421058
-1.36653 6.8848 0.124819
-0.941941 7.08341 0.540949
-0.572312 7.2971 0.444489
-0.184865 7.48422 0.358263
0.251442 7.54031 -0.108242
0.62142 7.34878 -0.690091
0.873398 6.98186 -1.27772
0.900503 6.57365 -1.60132
0.932346 6.13441 -1.47433
0.901429 5.70466 -1.64912
0.89809 5.29264 -1.54756
0.894293 4.84436 -1.59964
0.855409 4.42207 -1.66917
0.785017 3.98338 -1.766
0.69635 3.57271 -1.85001
0.59588 3.1158 -1.72112
0.549415 2.6885 -1.65954
0.545512 2.26319 -1.62452
0.538259 1.82808 -1.60018
0.496759 1.37879 -1.60014
0.465905 0.957203 -1.60799
0.49292 0.511821 -1.51344
0.59947 0.11136 -1.15099
0.864044 -0.226612 -0.734604
1.09614 -0.358017 -0.259824
