0 0 1.58026
3.12315e-16 -2.37236e-16 1.57962
6.24631e-16 -4.74472e-16 1.57908
0.000870822 0.0110106 1.5767
0.0051334 0.641086 1.57282
0.0051283 0.696096 1.48153
0.0088072 0.700384 0.684262
-0.0107807 0.693886 0.068725
-0.0333106 0.698979 -0.544809
-0.0478985 0.715693 -1.18288
-0.0501176 0.728539 -1.79741
-0.0474746 0.732787 -2.47169
-0.0484828 0.73276 -3.12116
-0.0660598 0.73816 2.50252
-0.0809372 0.758926 1.89429
-0.0816285 0.767833 1.36936
-0.0242073 1.06231 1.35067
0.117364 1.66483 1.31944
0.274822 2.2897 1.30926
0.466651 2.91884 1.26068
0.648755 3.5229 1.26612
0.791199 4.13851 1.37742
0.922148 4.75359 1.39472
0.952843 5.38752 1.50237
1.01094 6.01629 1.44568
1.06519 6.64793 1.44896
1.15477 7.25607 1.40817
1.23528 7.87075 1.42379
1.32343 8.45157 1.41917
1.37202 8.82911 1.44979
1.36872 8.83845 0.917317
1.50648 8.94922 0.648735
2.02176 9.32963 0.630086
2.5064 9.7214 0.681634
2.97113 10.1404 0.703545
3.42653 10.5689 0.738877
3.88227 11.0042 0.731483
4.16862 11.2926 0.740467
4.1466 11.2988 0.421066
4.15255 11.3102 0.251931
4.73379 11.4757 0.270758
5.34002 11.6478 0.240569
5.91255 11.7926 0.219817
6.51991 11.9222 0.181862
7.12899 12.0356 0.147328
7.74536 12.109 0.0914857
8.36489 12.1574 0.0718187
8.98475 12.1945 0.0298734
9.60998 12.2071 0.0230976
10.2313 12.2156 -0.027958
10.8221 12.1753 -0.0726489
11.4127 12.1386 -0.10267
11.9968 12.057 -0.180189
12.5565 11.9713 -0.168332
13.0739 11.87 -0.230745
13.0446 11.8777 -0.225775
13.0535 11.877 -0.215509
13.6781 11.7451 -0.226977
14.2916 11.61 -0.180577
14.9023 11.4936 -0.203751
15.5097 11.3767 -0.181727
16.1184 11.254 -0.231538
16.6803 11.1096 -0.189734
17.2475 10.965 -0.22405
17.817 10.8369 -0.160267
18.3851 10.7094 -0.212129
18.979 10.565 -0.221402
19.5723 10.4089 -0.222056
20.0366 10.3172 -0.237794
20.0409 10.3253 -0.392696
20.0424 10.3326 -1.06704
20.0365 10.3498 -1.70965
20.031 10.3609 -1.71906
20.0248 10.3682 -1.78392
20.0174 10.376 -2.40564
20.0115 10.3855 -2.75789
19.9948 10.3855 -2.06393
19.9847 10.3844 -1.83088
19.9985 10.0978 -1.49368
20.0499 9.47548 -1.49892
20.0603 8.83939 -1.57347
20.0449 8.21103 -1.59952
20.0427 7.65467 -1.65666
20.0262 7.10266 -1.68223
19.9654 6.55349 -1.76115
19.8788 6.00894 -1.75382
19.7654 5.38274 -1.84138
19.623 4.88377 -1.88652
19.5 4.55484 -1.91581
19.4913 4.5473 -1.51859
19.5134 3.91947 -1.54955
19.5279 3.2828 -1.50081
19.5414 2.66241 -1.61739
19.4538 2.04158 -1.71968
19.3301 1.42845 -1.76421
19.2508 0.802194 -1.62041
19.2091 0.180668 -1.59576
19.1546 -0.418061 -1.66617
19.0619 -1.00761 -1.72438
18.9514 -1.71427 -1.67834
18.8503 -2.27766 -1.73131
18.8026 -2.9012 -1.63007
18.7352 -3.5217 -1.7345
18.6335 -4.1313 -1.63769
18.5714 -4.74963 -1.67147
18.5215 -5.36983 -1.62537
18.4646 -5.97782 -1.68116
18.3815 -6.5975 -1.68632
18.3582 -7.02682 -1.62467
18.3673 -7.05112 -2.07305
18.3688 -7.07317 -2.6642
18.2731 -7.08759 3.11333
17.6231 -7.08877 -3.11522
16.9883 -7.13368 -3.06788
16.3635 -7.19389 -3.03071
15.7208 -7.27836 -2.96988
14.9653 -7.41392 -2.92557
14.3447 -7.56306 -2.8301
14.3091 -7.56219 3.11805
13.8058 -7.51556 3.06449
13.1619 -7.47654 -3.12915
12.5477 -7.4979 -3.06246
11.9491 -7.54855 -3.00523
11.7468 -7.58039 -3.01711
11.5204 -7.49926 2.84343
10.9361 -7.30059 2.83311
10.3196 -7.18485 3.03966
9.69052 -7.1028 3.04031
9.05031 -7.04422 3.07848
8.41712 -6.97594 3.04693
7.78005 -6.92699 3.10003
7.14174 -6.90014 -3.09502
6.50364 -6.90174 3.13747
5.92869 -6.8599 3.10321
5.32577 -6.81466 3.08672
4.75489 -6.74141 3.06148
4.12002 -6.68083 3.08111
3.49521 -6.59878 3.03796
2.86191 -6.53717 3.1151
2.23191 -6.53819 -3.10392
1.5787 -6.58386 -3.07443
0.940064 -6.60622 -3.12394
0.291521 -6.62257 -3.12875
-0.348599 -6.55732 3.04269
-0.720252 -6.52459 3.05924
-0.736581 -6.51656 2.55867
-0.743869 -6.51152 1.96299
-0.746389 -6.44948 1.47433
-0.701421 -6.00989 1.43764
-0.627017 -5.36061 1.46173
-0.581211 -4.71873 1.47489
-0.552061 -4.0718 1.55941
-0.530053 -3.44388 1.49837
-0.51063 -2.81601 1.59146
-0.502979 -2.19139 1.52148
-0.482337 -1.56351 1.5545
-0.4811 -0.932647 1.58472
-0.474627 -0.365169 1.51955
-0.45876 -0.182998 1.53599
-0.453767 -0.190417 2.48193
-0.456435 -0.189452 -2.80902
-0.450589 -0.194125 -1.87401
-0.451618 -0.180156 -0.881643
-0.443549 -0.185069 0.0736424
-0.465504 -0.168454 1.06164
-0.483116 -0.0263139 1.49436
-0.473656 0.638948 1.50887
-0.433637 1.25949 1.48012
-0.39453 1.85143 1.49255
-0.333039 2.44873 1.45591
-0.274845 3.0375 1.43538
-0.185732 3.59857 1.39704
-0.0885607 4.22358 1.41089
0.0211131 4.85405 1.38818
0.124325 5.4808 1.4284
0.203405 6.09867 1.40374
0.31277 6.69954 1.41336
0.404345 7.32445 1.38567
0.539127 7.94729 1.3466
0.591505 8.30565 1.39935
0.574145 8.32018 0.956294
0.883518 8.7829 0.904376
1.24738 9.22291 0.730674
1.69666 9.61684 0.674
2.19768 9.96519 0.532451
2.72685 10.2621 0.444543
3.29536 10.4969 0.382733
3.8428 10.7093 0.364449
4.40864 10.9311 0.363365
4.97858 11.1479 0.341291
5.56315 11.3541 0.310389
6.15051 11.5494 0.284721
6.73691 11.7255 0.255287
7.28138 11.8705 0.19896
7.85672 11.992 0.17216
8.43453 12.0936 0.144071
9.04662 12.1782 0.102421
9.66006 12.2332 0.0743689
10.2733 12.2748 0.0158865
10.8861 12.2608 -0.0455408
11.4972 12.2266 -0.0671519
12.1094 12.1671 -0.123234
12.6281 12.1164 -0.10372
13.3767 12.0272 -0.156661
13.95 11.9215 -0.259559
14.518 11.7639 -0.269471
15.0691 11.6218 -0.267751
15.6401 11.474 -0.251679
16.2448 11.3126 -0.260667
16.8494 11.1633 -0.221576
17.4553 11.0174 -0.230357
18.0644 10.8863 -0.227987
18.6642 10.726 -0.280712
19.2683 10.5466 -0.301333
19.859 10.3617 -0.304961
20.1943 10.2549 -0.340561
20.1847 10.2598 -0.839254
20.1687 10.2703 -1.38146
20.1526 10.2777 -1.43725
20.1074 9.70035 -1.60557
20.0635 9.08047 -1.64527
20.0053 8.4471 -1.59293
19.9712 7.82049 -1.61729
19.9516 7.18919 -1.52027
19.9632 6.56041 -1.54603
19.9684 5.92982 -1.4969
19.9724 5.30017 -1.5472
20.0714 4.73421 -1.39306
20.0784 4.20563 -1.75553
20.0375 3.67868 -1.63325
20.0522 3.38193 -1.66094
20.0941 3.58492 -1.59037
19.9497 3.26787 -2.01624
19.6917 2.69615 -1.91444
19.4694 2.11327 -1.9591
19.3559 1.85992 -1.96457
19.3647 1.52159 -1.55894
19.3954 0.893643 -1.48896
19.4606 0.275218 -1.5221
19.4719 -0.342054 -1.59006
19.3612 -0.91768 -1.80828
19.2353 -1.46295 -1.7231
19.1897 -2.04547 -1.68759
19.1219 -2.66046 -1.69031
19.0965 -3.27461 -1.61966
19.0682 -3.88042 -1.67314
18.9988 -4.49315 -1.74368
18.9356 -5.1044 -1.63467
18.9335 -5.65677 -1.60252
18.9448 -5.60886 -1.40895
18.9517 -5.60458 -1.99814
18.6067 -5.94168 -2.42179
18.1837 -6.31081 -2.41246
17.7355 -6.69695 -2.4226
17.2746 -7.07709 -2.46288
17.1828 -7.12652 -2.37801
17.124 -7.14773 -2.85835
16.6251 -7.22093 -2.97817
16.0591 -7.31815 -2.90688
15.4495 -7.4774 -2.86618
14.8837 -7.6255 -2.87456
14.8481 -7.61697 3.09719
14.1984 -7.56727 3.10378
13.5815 -7.53731 3.11706
12.9768 -7.53415 -3.0694
12.3711 -7.57789 -3.04963
11.7943 -7.54028 3.10377
11.0461 -7.50994 3.0741
10.4293 -7.39262 2.96364
9.80509 -7.2888 2.99396
9.17752 -7.23499 3.10861
8.54812 -7.15772 2.99909
7.91591 -7.09128 3.06564
7.28487 -7.10921 -3.00377
6.65884 -7.18815 -2.97887
6.05414 -7.1843 3.13356
5.44954 -7.18609 -3.03484
4.87812 -7.24175 -3.06046
4.24641 -7.20867 3.13348
3.6036 -7.18331 3.07783
2.96633 -7.12912 3.07957
2.32737 -7.05235 2.97871
1.6951 -6.94592 3.01817
1.05617 -6.87225 3.00993
0.427976 -6.773 3.03664
-0.22016 -6.72946 3.05657
-0.840537 -6.68499 3.109
-0.887353 -6.68828 3.00329
-0.901437 -6.68811 2.39122
-0.916927 -6.67425 1.79438
-0.921476 -6.21289 1.56764
-0.929159 -5.56998 1.5804
-0.918938 -4.94692 1.52588
-0.882806 -4.31644 1.50283
-0.839414 -3.68986 1.50342
-0.767351 -3.06397 1.39068
-0.63014 -2.44632 1.34495
-0.485751 -1.83128 1.33282
-0.343288 -1.21776 1.33196
-0.197464 -0.641139 1.39284
-0.124086 -0.0503551 1.43464
-0.035721 0.515387 1.375
0.0226178 0.819518 1.35361
0.0161265 0.802726 1.35727
0.122852 1.30541 1.36626
0.154793 1.92582 1.54933
0.160028 2.55875 1.53082
0.203126 3.20145 1.49365
0.261876 3.83258 1.43756
0.318229 4.47103 1.52993
0.344176 5.10215 1.49351
0.36949 5.38656 1.66791
0.366306 5.38863 2.65541
0.142346 5.3867 -3.13279
-0.490504 5.35758 -3.09347
-1.12255 5.31967 -3.09823
-1.76472 5.2783 -3.04853
-2.40345 5.21691 -3.04008
-3.03747 5.11932 -2.94727
-3.38154 5.04273 -2.87758
-3.38643 5.04508 -1.91456
-3.38679 5.03866 -0.880722
-3.38444 5.03753 0.109866
-3.3736 5.05448 1.09669
-3.37458 5.06503 1.75263
-3.37872 5.07026 1.22164
-3.36706 5.09197 0.622823
-3.34816 5.09815 -0.00428741
-2.7088 5.06266 -0.0523993
-2.07392 5.03404 -0.118481
-1.45274 4.96623 -0.148041
-0.831139 4.89157 -0.17285
-0.215407 4.78616 -0.202034
-0.0541843 4.76438 -0.148643
-0.0659962 4.77775 0.864914
-0.0740196 4.82198 1.82056
-0.0909831 4.84713 2.7281
-0.112585 4.86345 -2.611
-0.117535 4.86593 -1.62767
-0.128251 4.87031 -0.584289
-0.120965 4.8721 0.429145
-0.0581303 4.99134 1.05879
0.235878 5.57194 1.15908
0.43915 6.16092 1.29082
0.623569 6.76094 1.28152
0.698322 7.00958 1.25478
0.701429 7.00512 0.609408
0.789716 6.99965 0.0524274
1.38012 7.01536 0.0363945
1.99898 7.01137 -0.00318924
2.78635 6.9986 -0.0222355
3.05858 6.97874 -0.0506286
3.06255 6.96955 -0.337516
3.06711 6.95856 -1.00059
3.06716 6.95557 -1.6018
3.06895 6.94659 -2.32028
3.06713 6.93578 -2.89343
3.04723 6.93042 2.739
3.03611 6.93054 2.12576
3.03503 6.92825 1.51394
3.03761 6.92393 1.33881
3.03625 6.92681 2.26131
2.79714 7.00412 2.79702
2.52049 7.09896 2.79139
2.1879 7.01805 -2.87506
1.90192 6.95129 2.91284
1.76784 7.06022 2.3607
1.31893 7.50475 2.36358
0.887891 7.94427 2.31552
0.876974 7.95194 2.06333
0.866758 7.96445 1.47529
0.860836 7.97713 0.928784
1.20179 8.41901 0.901107
1.55826 8.90418 0.903154
1.95393 9.39676 0.842116
2.25763 9.74805 0.805493
2.25304 9.74838 1.48261
2.2132 9.79623 2.16021
1.82603 10.3401 2.20702
1.40723 10.8326 2.28396
0.953105 11.2904 2.39489
0.773558 11.4448 2.5359
0.762477 11.4466 -2.72567
0.755761 11.4476 -1.71814
0.748537 11.443 -0.734212
0.748952 11.4345 0.317447
0.882497 11.5378 0.550304
1.30447 11.9914 0.891394
1.67859 12.4968 0.890277
2.07774 12.9719 0.796352
2.11105 13.0243 1.24956
2.0862 12.889 1.61026
2.07198 12.8884 2.60915
2.0267 12.8932 -2.4741
2.00812 12.8872 -1.5221
1.91304 13.1202 -1.20343
1.89851 13.1224 -1.21388
1.88446 13.123 -1.23541
1.87236 13.1216 -1.05307
1.9458 13.0331 -0.772062
2.40424 12.5793 -0.733509
2.84424 12.1424 -0.828201
3.16668 11.6057 -1.09838
3.43457 11.047 -1.13452
3.65425 10.5106 -1.21585
3.64093 10.515 -0.686649
3.62023 10.5228 0.283859
3.93929 10.6706 0.409272
4.49227 10.9172 0.368973
4.75811 11.0241 0.26673
4.74767 11.0313 -0.366949
4.73189 11.0389 -0.961782
4.94541 10.5402 -1.16796
5.15832 9.9587 -1.25014
5.35978 9.37104 -1.14914
5.61888 8.78049 -1.14184
5.75645 8.50462 -1.19672
5.7543 8.21386 -1.62056
5.73029 7.7753 -1.66538
5.73109 7.78275 -1.23373
5.70522 7.841 -1.0171
5.69515 7.84772 -0.0481508
5.69451 7.84932 1.19274
5.69783 7.85357 1.53894
5.70093 7.85271 1.53982
5.70468 7.85067 1.55206
5.70777 7.84981 1.54344
5.71138 7.88154 1.54707
5.71304 8.54337 1.54202
5.74334 9.18809 1.50165
5.77539 9.52947 1.45595
5.77642 9.50561 1.50827
5.7825 9.51451 0.87719
5.78663 9.51454 0.20056
6.31717 9.49477 -0.0272692
6.95145 9.48241 -0.0553185
7.58423 9.425 -0.0638518
8.22611 9.39297 -0.0556561
8.69631 9.35214 -0.0855068
8.70196 9.34752 -0.520152
8.6943 9.35573 -1.16159
8.69355 9.37663 -1.78195
8.70293 9.38639 -2.40965
8.70646 9.38259 -2.97497
8.69051 9.38161 2.7183
8.68292 9.38761 2.06186
8.68222 9.38865 2.26425
8.65747 9.39776 2.89737
8.03119 9.52551 2.91513
7.39113 9.63559 3.01675
6.75207 9.7066 3.03068
6.28069 9.74126 3.07346
6.2801 9.73756 2.6956
6.28389 9.73302 2.0736
6.25762 9.99702 1.65172
6.20329 10.5923 1.63096
6.16808 11.2226 1.56622
6.16809 11.5778 1.47837
6.15992 11.5839 0.832195
6.14208 11.5799 0.223735
6.55867 11.5682 -0.0334242
7.19395 11.5133 -0.121483
7.72243 11.4347 -0.161603
7.71173 11.4318 0.67832
7.76735 11.6961 1.35619
7.87366 12.2886 1.3639
7.99969 12.8526 1.30827
8.15656 13.4358 1.26487
8.3559 14.0545 1.22958
8.60265 14.6518 1.14693
8.80317 15.1103 1.16608
8.80532 15.1175 0.966672
8.82609 15.137 0.334914
8.83248 15.1427 -0.304761
8.83885 15.1427 -0.935193
8.84037 15.1421 -1.50878
8.84055 15.1415 -2.15978
8.8468 15.1488 -2.71911
8.8567 15.1541 2.93722
8.86243 15.1564 2.48309
8.86521 15.1598 3.0453
8.84863 15.1596 -2.23557
8.84857 15.1618 -1.89934
8.84932 15.1662 -1.90467
8.70201 14.7335 -1.86911
8.52411 14.1307 -1.87135
8.32242 13.5249 -1.86178
8.15413 12.9107 -1.83348
7.98404 12.2941 -1.79737
7.88342 11.8206 -1.76698
7.87791 11.8201 -1.28192
7.8751 11.8215 -0.345896
8.11433 11.8144 -0.0428962
8.72876 11.7724 -0.0979663
9.35136 11.7045 -0.158897
9.97364 11.6468 -0.0509365
10.601 11.6153 0.0672079
11.2272 11.6217 -0.0188025
11.8479 11.5652 -0.120943
12.4647 11.4475 -0.138556
13.0501 11.5202 0.188911
13.6393 11.6002 0.116068
14.3438 11.63 0.0307704
14.7998 11.623 0.0129901
14.789 11.6079 0.873604
14.8006 11.8641 1.49607
14.8564 12.4711 1.34275
15.0056 13.0709 1.26347
15.1994 13.6596 1.24953
15.4026 14.2821 1.19323
15.5378 14.6413 1.17899
15.5344 14.6572 2.05497
15.5182 14.6762 -3.02756
15.5128 14.6924 -2.07118
15.483 14.6172 -1.84528
15.3091 13.9957 -1.84456
15.1207 13.4004 -1.82912
14.9791 12.7962 -1.80144
14.834 12.1925 -1.77765
14.7138 11.6596 -1.79395
14.6621 11.4829 -1.39649
14.6606 11.4932 -0.39347
15.0776 11.4497 -0.130003
15.6912 11.3769 -0.138603
16.2642 11.2893 -0.181296
16.8068 11.2007 -0.157855
17.3779 11.0991 -0.216376
17.9673 10.9626 -0.250421
18.554 10.7867 -0.325078
19.1572 10.587 -0.353628
19.7613 10.3512 -0.383783
20.344 10.0916 -0.463477
20.5366 9.9949 -0.412691
20.5427 10.0035 0.585398
20.5387 10.0133 1.25119
20.5318 10.0191 1.25037
20.5998 10.3764 1.38055
20.7274 10.9852 1.32215
20.8771 11.5493 1.29473
21.0661 12.1633 1.2297
21.3005 12.7592 1.13662
21.5094 13.3538 1.2988
21.6309 13.986 1.35448
21.6508 14.1076 1.3248
21.6436 14.1176 1.96193
21.623 14.1304 3.02866
21.6822 14.1628 -2.42723
21.6763 14.1603 -1.40515
21.6765 14.1559 -0.481891
21.6895 14.1592 0.325014
21.6901 14.1654 -0.154685
21.6956 14.1654 -0.780882
21.6914 14.1665 -1.41319
21.6348 14.0315 -1.99043
21.3591 13.4383 -2.02599
21.0921 12.858 -1.93731
20.8813 12.2514 -1.8025
20.7152 11.6445 -1.84332
20.5623 11.0611 -1.76208
20.5528 11.0703 -2.16868
20.5447 11.0851 -2.66921
20.5299 11.0921 -2.16362
20.528 10.8887 -1.51988
20.4556 10.3025 -1.7118
20.3712 9.68235 -1.66331
20.3173 9.07434 -1.72705
20.3294 9.07192 -0.957542
20.3429 9.07612 -0.138139
20.8756 9.05288 -0.0795654
21.4534 9.03272 -0.119298
22.0409 8.99455 -0.112876
22.397 8.97156 -0.165308
22.4379 8.95009 -0.415376
22.5239 8.93693 -0.146405
22.5406 8.96103 0.777609
22.5562 8.9992 1.75335
22.5497 8.99886 2.77831
22.5365 8.99617 -2.53535
22.5104 8.98975 -2.90075
21.8716 8.84212 -2.88644
21.2452 8.659 -2.81214
20.6348 8.44472 -2.7706
20.0334 8.20405 -2.72835
19.7332 8.0674 -2.64996
19.7243 8.06613 -1.80898
19.5961 7.46925 -1.69167
19.5339 6.86189 -1.59508
19.5368 6.22963 -1.57053
19.5241 5.58636 -1.56691
19.5699 5.00857 -1.4961
19.6353 4.42273 -1.43169
19.7376 3.85399 -1.43727
19.8324 3.2744 -1.44349
19.8705 3.0587 -1.24304
19.8859 3.10136 -0.282518
20.4593 3.07522 -0.0550184
21.037 3.10389 -0.0816722
21.6716 3.09488 -0.12503
22.2743 3.01978 -0.167708
22.6569 2.95132 -0.234399
22.6699 2.95814 0.570946
22.686 2.98583 1.5878
22.682 3.01017 2.6005
22.4425 2.97302 -2.91129
21.8276 2.89925 3.12704
21.1873 2.8897 -3.0743
20.5479 2.83224 -3.03292
19.9654 2.82739 -3.11472
19.587 2.80499 -3.07098
19.5708 2.80319 -2.73585
19.5606 2.79189 -1.80567
19.4159 2.18841 -1.80335
19.2838 1.70871 -1.8012
19.2863 1.74022 -1.33883
19.2841 1.73509 -0.303578
19.7751 1.75478 -0.000124971
20.4026 1.76933 -0.0519714
21.007 1.61336 -0.273014
21.6123 1.42353 -0.265587
22.1826 1.24006 -0.269632
22.7556 1.03253 -0.368967
22.4177 1.13654 -0.423383
22.147 1.23653 -0.501399
22.1341 1.21526 -1.04463
22.1241 1.19495 -1.69426
22.1111 1.16432 -2.35998
22.0952 1.13603 -2.98485
21.7275 1.19651 2.88233
21.1073 1.37638 2.77815
20.4871 1.55125 2.84604
19.8874 1.68095 2.92779
19.3656 1.75529 2.94501
19.3521 1.73264 -2.67008
19.358 1.65683 -1.54517
19.3928 1.02253 -1.50798
19.4088 0.399221 -1.63061
19.3941 -0.218657 -1.63798
19.3396 -0.830903 -1.72504
19.2575 -1.22256 -1.75511
19.1589 -1.83599 -1.67557
19.0537 -2.45301 -1.74447
18.9457 -3.05485 -1.75389
18.8099 -3.62865 -1.8006
18.6681 -4.11019 -1.88566
18.657 -4.11351 -1.177
18.8497 -4.1843 -0.287761
19.4793 -4.27778 0.00465535
20.1137 -4.19158 0.290843
20.707 -3.9383 0.455168
21.2794 -3.73398 0.115286
21.9216 -3.7956 -0.143862
22.0745 -3.79717 0.652054
22.0836 -3.78565 1.67308
22.0781 -3.76344 2.6993
21.7795 -3.77673 -3.07342
21.2253 -3.80105 -3.07976
20.6232 -3.81518 -3.09389
20.0054 -3.94017 -2.81989
19.3979 -4.13582 -2.8277
18.914 -4.25108 -2.89965
18.9055 -4.23959 -2.30131
18.8859 -4.43852 -1.6498
18.8378 -5.05312 -1.58106
18.8668 -5.66188 -1.48098
18.8859 -5.67152 -0.963223
18.9461 -5.67864 -0.115042
19.5564 -5.72637 -0.0771057
20.1241 -5.76021 -0.0717327
20.7194 -5.79914 -0.045168
21.3459 -5.82112 -0.0695074
21.9666 -5.89473 -0.128142
22.2611 -5.92796 -0.0723303
21.6772 -5.84473 -0.160557
21.4088 -5.78636 -0.290161
21.3929 -5.77719 -0.936444
21.378 -5.75693 -1.54327
21.3704 -5.74526 -2.16478
21.3699 -5.7319 -2.77881
21.1474 -5.71023 3.05992
20.566 -5.66989 3.12333
20.119 -5.71327 -2.81369
19.5352 -5.90846 -2.84694
18.9379 -6.12071 -2.80516
18.6618 -6.23761 -2.65315
18.6719 -6.23277 -1.57707
18.8632 -6.63126 -1.13441
19.032 -7.08001 -1.27912
19.2181 -7.67946 -1.31434
19.373 -8.28678 -1.32617
19.5462 -8.85671 -1.2984
19.7487 -9.39261 -1.22395
19.9107 -9.78719 -1.25162
19.9228 -9.76808 -0.716653
19.9341 -9.75878 0.324726
19.9454 -9.74957 1.161
19.9608 -9.73673 1.96199
19.969 -9.71468 2.98871
19.9705 -9.69982 2.73618
19.763 -9.36165 2.08199
19.4445 -8.79803 2.19609
19.0739 -8.28 2.2495
18.7009 -7.83717 2.30839
18.3803 -7.35308 2.19273
18.0374 -6.8366 2.22639
17.6456 -6.33608 2.24382
17.2191 -5.83805 2.31433
16.8979 -5.41928 2.0454
16.8957 -5.40185 1.52441
16.8918 -5.39222 0.884476
16.8415 -5.42666 0.552353
16.8265 -5.41898 -0.00965565
16.8253 -5.405 -0.607528
16.8202 -5.38777 -1.16893
16.8834 -5.86565 -1.45428
16.8702 -6.42473 -1.65168
16.853 -7.05273 -1.54841
16.8508 -7.68711 -1.6867
16.8018 -8.31173 -1.6021
16.7042 -9.07942 -1.77753
16.6065 -9.70274 -1.70303
16.5117 -10.3218 -1.76213
16.4136 -10.9459 -1.69372
16.4159 -10.9656 -1.62683
16.4286 -10.967 -0.535872
16.4463 -10.9612 0.534047
16.4579 -10.9455 1.16894
16.4503 -10.6188 1.62344
16.3993 -9.97941 1.65425
16.3624 -9.33757 1.65563
16.2892 -8.69757 1.71318
16.1845 -8.07148 1.75052
16.0665 -7.43553 1.76281
16.0345 -7.30425 2.20956
16.029 -7.29445 -3.07673
15.4757 -7.35767 -2.99856
14.8761 -7.42446 -3.03057
14.8668 -7.41438 -2.43095
14.8613 -7.41574 -1.63009
14.8325 -8.0032 -1.611
14.7485 -8.61526 -1.66862
14.7176 -9.12657 -1.60536
14.7133 -9.11501 -1.97422
14.7028 -9.11396 -2.62702
14.6935 -9.10465 3.03935
14.6801 -9.0904 2.49998
14.6748 -9.07787 1.90649
14.6732 -8.54229 1.43164
14.7627 -7.89969 1.39641
14.8811 -7.32374 1.32814
14.8917 -7.24504 1.75746
14.8823 -7.23184 2.68477
14.6105 -7.26325 -2.95802
13.9872 -7.3294 -3.06135
13.3484 -7.37597 -2.99817
12.7077 -7.39273 3.12283
12.0789 -7.39206 -3.07287
11.4515 -7.37453 3.03264
10.8237 -7.31982 -3.13991
10.2359 -7.35774 -3.00107
9.68842 -7.3608 -3.12759
9.07034 -7.42822 -3.03734
9.02557 -7.44681 -2.8808
9.0044 -7.46501 -1.94908
8.93996 -8.0515 -1.65826
8.89504 -8.48214 -1.68706
8.89495 -8.47802 -1.05085
8.90173 -8.46719 -0.0553141
8.90362 -8.45329 0.871087
8.90284 -8.43304 1.5899
8.78275 -7.80788 1.74517
8.69176 -7.16448 1.67664
8.68166 -7.08243 2.23412
8.67266 -7.06764 3.09736
8.09002 -7.05572 -3.10149
7.53913 -7.07806 -3.0807
7.53434 -7.06651 -2.24008
7.5136 -7.28357 -1.62595
7.48915 -7.90432 -1.5683
7.4959 -8.52341 -1.59053
7.48082 -9.14289 -1.57477
7.45589 -9.3544 -1.7079
7.44158 -9.34811 -2.28695
7.16661 -9.46117 -2.72118
6.59212 -9.68397 -2.72408
6.3618 -9.76656 -2.74781
6.34216 -9.75129 2.97783
6.3267 -9.73437 2.38365
6.31695 -9.72016 1.88782
6.30639 -9.69675 1.25253
6.3003 -9.67488 0.694971
6.69223 -9.3613 0.62519
7.17339 -8.95333 0.721118
7.37978 -8.70701 1.41909
7.44328 -8.10332 1.46984
7.48058 -7.47472 1.54736
7.49393 -7.51558 1.98784
7.48946 -7.53747 2.66198
7.18343 -7.47451 2.9308
6.55868 -7.35684 2.98696
5.91616 -7.29017 3.05886
5.27194 -7.25973 3.13798
4.63662 -7.28692 -3.05923
4.0104 -7.3571 -3.00142
3.37671 -7.35564 3.11729
2.74414 -7.35131 -3.10977
2.11157 -7.40108 -3.03318
1.51273 -7.47704 -2.99142
1.32099 -7.50778 -2.70604
1.31614 -7.51315 -1.76366
1.29456 -8.10565 -1.62112
1.17732 -8.72594 -1.76335
1.07025 -9.32736 -1.76823
1.06426 -9.3306 -1.04103
1.07994 -9.33685 -0.0715387
1.07726 -9.3313 0.914786
1.07927 -9.30814 1.82852
1.07029 -9.29786 2.50533
1.05898 -9.28473 1.83234
1.09061 -9.0638 1.34002
1.22301 -8.47594 1.35246
1.36051 -7.88597 1.30946
1.49706 -7.34374 1.32353
1.48971 -7.3439 2.05753
1.46115 -7.34295 2.94401
0.841926 -7.24071 2.87536
0.231139 -7.06593 2.85526
-0.401149 -6.9824 3.03021
-1.02543 -6.90003 2.99115
-1.6591 -6.83313 3.03588
-2.26201 -6.76042 2.99739
-2.86993 -6.67441 2.99024
-3.44573 -6.57088 2.94469
-4.00747 -6.47238 2.94224
-4.26295 -6.42893 3.08133
-4.27136 -6.43722 -2.14248
-4.27667 -6.45711 -1.3613
-4.26919 -6.47771 -0.414026
-4.25193 -6.48125 0.626971
-4.2475 -6.47576 1.49303
-4.25044 -6.48152 1.2764
-4.24454 -6.4766 0.716443
-4.23095 -6.47515 0.102242
-3.98628 -6.50822 -0.12691
-3.42353 -6.59215 -0.128316
-2.79874 -6.67218 -0.135185
-2.17429 -6.7701 -0.148724
-1.54557 -6.85932 -0.145819
-0.924409 -6.97184 -0.171317
-0.761576 -7.00824 0.310231
-0.754384 -7.0175 1.23425
-0.750104 -6.65896 1.58842
-0.727738 -6.02962 1.49632
-0.669734 -5.40472 1.51098
-0.630343 -4.80863 1.48323
-0.565187 -4.22142 1.48532
-0.517408 -3.62569 1.48353
-0.444525 -2.98031 1.44255
-0.367857 -2.33598 1.43274
-0.25944 -1.6971 1.37797
-0.167624 -1.18629 1.37089
-0.170044 -1.17222 2.222
-0.270731 -1.14833 3.13715
-0.924385 -1.10888 3.07723
-1.56226 -1.05022 3.04442
-2.16544 -0.961757 3.04197
-2.77066 -0.91806 3.09919
-3.35023 -0.870378 3.09766
-3.50792 -0.853913 -3.00485
-3.52538 -0.855664 -1.9816
-3.52604 -0.857971 -1.00376
-3.52615 -0.848643 -0.00478381
-3.52626 -0.835693 0.968357
-3.52285 -0.81786 1.65291
-3.52124 -0.797801 1.07966
-3.51164 -0.774323 0.519365
-3.50037 -0.757627 -0.0678544
-2.934 -0.865285 -0.225882
-2.38064 -1.00651 -0.310928
-2.17012 -1.04765 0.0715342
-1.53014 -0.932003 0.122229
-1.07755 -0.882903 0.00921483
-1.12216 -0.872157 0.0142654
-0.475074 -0.916041 -0.232564
0.13245 -1.1233 -0.423543
0.477832 -1.27616 -0.490732
0.482391 -1.26456 0.0907256
0.488261 -1.24561 1.10956
0.490612 -1.22493 2.12174
0.483945 -1.21113 3.10658
0.477375 -1.20175 -2.27814
0.318239 -1.52262 -2.00447
0.0465762 -2.06529 -2.07506
-0.278224 -2.60282 -2.11091
-0.579362 -3.16061 -1.87502
-0.692007 -3.7831 -1.65437
-0.639576 -4.39371 -1.35656
-0.647514 -4.41631 -0.879497
-0.201691 -4.72583 -0.60838
0.311134 -5.07704 -0.59485
0.723869 -5.36414 -0.66473
1.27017 -5.78009 -0.668983
1.71652 -6.15516 -0.735427
2.20895 -6.57623 -0.712106
2.58897 -6.89687 -0.758814
2.59222 -6.88226 -0.0707364
3.09648 -6.85603 -0.00977628
3.67565 -6.80747 0.0617827
4.25361 -6.73114 0.0589621
4.88043 -6.67963 0.0844447
5.49679 -6.61306 0.0672695
5.6379 -6.63516 -0.301254
6.22012 -6.79485 -0.239516
6.80399 -6.90531 -0.227579
7.36474 -7.00617 -0.219987
7.97243 -7.12281 -0.243632
8.50501 -7.23677 -0.280003
8.70002 -7.15995 0.268584
9.30863 -7.01146 0.0154632
9.82219 -7.01205 -0.0587595
10.4439 -7.02775 -0.100446
11.0636 -7.07449 -0.116104
11.6869 -7.12943 -0.166973
12.3063 -7.21418 -0.191439
12.895 -7.31691 -0.251551
13.3927 -7.44936 -0.235404
13.3874 -7.44671 0.268374
13.9455 -7.27878 0.284106
14.5323 -7.10417 0.260361
15.135 -6.93899 0.251035
15.7351 -6.78069 0.249777
16.3588 -6.60644 0.160906
16.989 -6.49521 0.0747363
17.6274 -6.42772 0.00989877
18.2588 -6.40705 -0.0598147
18.7619 -6.4049 -0.0740478
18.7673 -6.37531 0.597141
18.7478 -6.38959 1.56738
18.7041 -5.85474 1.63762
18.6979 -5.26778 1.47304
18.7301 -4.65405 1.50739
18.7904 -4.03787 1.42185
18.8922 -3.42828 1.36848
18.9961 -2.90473 1.37322
19.1164 -2.29053 1.46184
19.1841 -1.67301 1.40544
19.3099 -1.04898 1.34991
19.36 -0.875189 1.41378
19.296 -0.452769 1.74123
19.1965 0.116013 1.7221
19.1513 0.718345 1.56651
19.1768 1.35177 1.32716
19.3419 1.96398 1.25522
19.51 2.57612 1.50635
19.5305 3.20874 1.58699
19.4795 3.76991 1.57893
19.4875 4.33525 1.41804
19.5359 4.88909 1.41674
19.6089 5.4417 1.33128
19.7112 5.96083 1.30736
19.8316 6.46921 1.24422
19.9879 7.05379 1.32573
20.1544 7.62942 1.29965
20.275 8.24757 1.36607
20.3477 8.87168 1.5536
20.3801 9.5046 1.48984
20.4506 10.1287 1.48274
20.5118 10.5516 1.42448
20.5294 10.5711 2.28014
20.5443 10.5872 -3.104
20.5628 10.5987 -3.04383
20.5828 10.6106 -3.04493
20.2424 10.5861 -3.0442
19.6501 10.5329 -3.03804
19.0638 10.6024 2.96092
18.4589 10.7315 2.99316
17.8493 10.8318 2.99809
17.237 10.9248 3.01126
16.6252 11.0542 2.98709
16.0124 11.1685 3.03424
15.4001 11.2763 3.02212
14.781 11.3669 3.06812
14.1674 11.4494 3.07316
13.6042 11.5045 3.11501
13.0125 11.5357 3.11194
12.42 11.5442 -3.11387
11.8241 11.5358 -3.09388
11.2008 11.4996 -3.0582
10.5792 11.4661 -3.09591
9.95998 11.4493 -3.08347
9.34686 11.4162 -3.07543
8.73794 11.3912 -3.08611
8.12422 11.357 -3.06149
7.53946 11.335 -3.0946
6.924 11.3028 -3.06269
6.33849 11.2699 -3.07376
5.77004 11.2297 -3.02789
5.18415 11.162 -3.0023
4.56126 11.1086 -3.06857
4.18081 11.0902 -3.04855
4.18379 11.0922 -2.33588
3.81782 10.5928 -2.18976
3.41014 10.1229 -2.51434
2.93181 9.7386 -2.42436
2.42676 9.37558 -2.60736
1.89018 9.02199 -2.55187
1.39895 8.65774 -2.49196
0.92717 8.25641 -2.41691
0.51064 7.84395 -2.32735
0.308821 7.61273 -2.16998
0.314563 7.49449 -1.69695
0.271836 6.9335 -1.64235
0.24451 6.31823 -1.68522
0.192357 5.70454 -1.64274
0.20806 5.0771 -1.52671
0.172793 4.46294 -1.70039
0.147448 3.83859 -1.61417
0.123488 3.0714 -1.60555
0.111844 2.48281 -1.66109
0.0510574 1.92271 -1.65237
0.0299239 1.32473 -1.59128
-0.00177557 0.706651 -1.60384
-0.0254597 0.082557 -1.64303
-0.0325852 0.0262686 -1.64893
-0.0349211 0.0294543 -1.56079
-0.0338184 -0.600711 -1.53312
0.00757404 -1.23309 -1.51427
0.0149707 -1.39878 -1.50585
0.0149584 -1.38882 -0.584823
0.194573 -1.38425 -0.0183563
0.773745 -1.38317 -0.0386201
1.39358 -1.4067 -0.122798
2.04054 -1.47983 -0.18051
2.68839 -1.57275 -0.179715
3.33544 -1.68049 -0.228322
3.50769 -1.6979 -0.446723
3.53152 -1.6843 -1.0741
3.55041 -1.66182 -1.65244
3.42636 -2.00856 -1.89559
3.31053 -2.62392 -1.80813
3.14278 -3.2656 -1.84295
3.16079 -3.24376 -1.22101
3.17898 -3.22185 -0.216147
3.2054 -3.20216 0.759991
3.23047 -3.17467 1.71807
3.26092 -3.16615 2.69995
3.24268 -3.1883 2.59446
3.23293 -3.21823 2.22212
3.22002 -3.25859 1.68301
3.27968 -2.92421 1.38181
3.36966 -2.30708 1.40599
3.42763 -1.68678 1.48944
3.46443 -1.03159 1.40126
3.51384 -0.408467 1.44537
3.53738 0.00764621 1.38404
3.49993 0.0292519 2.12448
3.46851 0.0456656 -3.12336
3.44877 0.0740621 -2.14326
3.4912 0.102412 -1.13019
3.53032 0.11105 -0.1874
4.14078 -0.00893767 -0.26199
4.79796 -0.166335 -0.25164
5.273 -0.282796 -0.367599
5.28849 -0.27571 -0.928381
5.28745 -0.255634 -1.5225
5.21994 -0.5422 -1.78549
5.13149 -1.13539 -1.66173
5.06002 -1.70476 -1.71625
5.06037 -1.69892 -1.28061
5.06338 -1.6853 -0.603773
5.06812 -1.66904 -0.431446
5.07503 -1.65498 -0.967036
5.33434 -2.13179 -1.09243
5.57114 -2.58652 -1.15944
5.5711 -2.56623 -1.66725
5.49166 -3.10349 -1.70006
5.40853 -3.68841 -1.68198
5.42737 -3.72684 -1.28037
5.46971 -3.70951 -0.478122
6.09036 -3.92329 -0.434661
6.66836 -4.13192 -0.374214
6.69204 -4.10475 -0.864388
7.01125 -4.5249 -0.989364
7.16123 -4.68488 -0.710821
7.17029 -4.66011 0.321069
7.1991 -4.62529 1.28804
7.16315 -4.62486 2.28416
6.66375 -4.29749 2.51987
6.14412 -3.95282 2.51145
5.62088 -3.62922 2.49849
5.55656 -3.59137 2.40367
5.54831 -3.59592 1.78988
5.50377 -3.04708 1.61387
5.47567 -2.41551 1.59949
5.46625 -1.83257 1.53533
5.45654 -1.82291 1.13154
5.46072 -1.79691 0.542181
5.4612 -1.788 -0.0286775
5.80473 -1.86944 -0.243849
6.42112 -2.04345 -0.300402
6.98984 -2.23934 -0.396428
7.00973 -2.24066 -0.0332935
7.27252 -2.17341 0.232665
7.28414 -2.16844 -0.160957
7.89898 -2.28337 -0.194674
8.54031 -2.40882 -0.222292
9.16813 -2.5518 -0.240097
9.6506 -2.6672 -0.26523
9.66002 -2.66071 -0.00897531
10.2877 -2.61717 -0.00102341
10.9352 -2.65816 -0.104807
11.5469 -2.7217 -0.154173
12.0824 -2.882 -0.255272
12.6647 -2.90506 0.0914229
13.3053 -2.85748 -0.0037437
13.9245 -2.85347 0.0134849
14.51 -2.83703 -0.00249781
15.1604 -2.81051 0.0339835
15.2599 -2.80058 -0.0935173
15.2633 -2.79591 -0.700222
15.263 -2.78776 -1.13146
15.4816 -3.34966 -1.19484
15.5557 -3.54053 -1.31317
15.556 -3.53827 -1.86302
15.3798 -4.09255 -1.84588
15.2606 -4.65436 -1.7469
15.1463 -5.28405 -1.73321
15.135 -5.36712 -1.39316
15.1372 -5.36074 -0.335369
15.1365 -5.35464 0.652495
15.1437 -5.33805 1.66861
15.0705 -4.75324 1.68254
15.1815 -3.97968 1.2512
15.3864 -3.36667 1.23181
15.6028 -2.817 1.19344
15.7027 -2.56354 1.09679
15.7106 -2.55095 0.541439
15.7157 -2.54692 -0.0198323
16.0232 -2.58965 -0.203417
16.6637 -2.72676 -0.219341
17.1768 -2.8188 -0.293221
17.1726 -2.79677 -0.773723
17.1718 -2.77708 -1.32291
17.1284 -3.14992 -1.68855
17.0855 -3.75716 -1.59992
17.0547 -4.34738 -1.63126
17.0115 -4.93497 -1.65746
16.9556 -5.51995 -1.63846
16.9487 -6.10916 -1.56663
16.9942 -6.72431 -1.57331
17.0387 -6.80268 -1.11187
17.0766 -6.8021 -0.196598
17.0862 -6.79494 0.799333
17.0795 -6.77793 1.84401
17.0686 -6.76502 2.84881
16.752 -6.83095 -2.89245
16.1297 -6.97884 -2.94355
15.525 -7.08941 -2.93511
14.9553 -7.22772 -2.82594
14.3544 -7.36498 -2.95654
13.7549 -7.43791 -3.05074
13.1166 -7.4738 3.09557
12.4797 -7.38703 3.00588
11.843 -7.30854 3.06408
11.1969 -7.25941 3.0588
10.5535 -7.22468 -3.13871
10.013 -7.21332 3.12075
9.99799 -7.20011 -2.67536
9.9881 -7.18674 -1.74152
9.97996 -7.17713 -0.840803
10.0345 -7.16683 -0.021504
10.6199 -7.15631 -0.0155555
11.2531 -7.13531 0.0155062
11.8509 -7.11955 -0.0475466
12.4755 -7.1301 -0.0388764
13.1066 -7.15517 -0.107983
13.7261 -7.22416 -0.141653
14.3531 -7.31342 -0.184744
14.9682 -7.42502 -0.182165
15.5875 -7.54799 -0.228801
16.1987 -7.67731 -0.198898
16.4585 -7.72727 -0.205367
16.459 -7.72454 0.624438
16.4663 -7.66531 1.33809
16.5991 -7.04587 1.36395
16.6969 -6.40834 1.4341
16.79 -5.7758 1.40239
16.8672 -5.14018 1.46919
16.9342 -4.48257 1.43267
17.0056 -3.85127 1.45134
17.0998 -3.21563 1.47342
17.135 -2.9131 1.48182
17.1408 -2.90897 2.40346
17.0517 -2.89923 -3.08091
16.4445 -2.90392 3.07062
15.8641 -2.87284 3.11291
15.2339 -2.85649 -3.11778
14.6029 -2.86338 2.99284
13.9837 -2.7713 3.00409
13.3515 -2.71282 -3.0204
12.7312 -2.74304 3.04783
12.0953 -2.69791 3.11654
11.4689 -2.685 -3.1112
10.8387 -2.70792 -3.08871
10.2407 -2.75036 3.10394
9.6452 -2.64537 2.95636
9.079 -2.54493 2.98521
8.48468 -2.46782 3.04558
7.87074 -2.33873 2.95848
7.24217 -2.2342 3.02209
6.61618 -2.15449 3.01911
5.99361 -2.0963 3.03851
5.39667 -1.95965 2.9704
4.79812 -1.83704 3.02477
4.19138 -1.76524 3.10236
3.47264 -1.6864 2.8849
2.90678 -1.52302 2.94765
2.35874 -1.4741 -3.11356
1.78192 -1.44614 -3.12981
1.19181 -1.46135 3.10271
0.541055 -1.44259 3.1333
-0.0456419 -1.4644 -3.05914
-0.0438419 -1.46377 2.77129
-0.0540357 -1.45428 2.17398
-0.0574138 -1.4426 1.61435
0.0065507 -0.864798 1.43145
0.0895947 -0.244621 1.44521
0.103043 -0.138969 1.42848
0.103043 -0.138969 1.42782
