0 0 3.0583
-2.03253 0.166662 3.07276
-4.25631 0.29672 3.09956
-6.4079 0.423555 3.04189
-8.59319 0.652039 3.04464
-11.1487 1.25398 2.66471
-13.2233 2.56939 2.02643
-13.3524 4.52484 1.36371
-13.1705 6.3362 1.3089
-13.0269 8.40355 1.44604
-12.6706 10.6405 1.38082
-12.1572 12.9937 1.37227
-11.8741 15.3771 1.44027
-11.474 17.7768 1.40194
-10.9844 20.0767 1.34866
-10.5946 22.3927 1.42194
-10.1948 24.8314 1.4051
-9.72208 27.1324 1.35491
-9.1446 29.3974 1.3214
-8.58157 31.681 1.33761
-8.23604 34.1235 1.55442
-8.09979 36.5896 1.46867
-7.6398 39.0097 1.35807
-7.06817 41.2921 1.33273
-6.59269 43.7141 1.45924
-6.27 46.0486 1.4381
-5.87927 48.3578 1.41699
-4.25025 49.6275 0.0871974
-1.82895 49.2905 -0.0766767
0.735808 48.9605 -0.0775935
3.06851 48.7211 -0.0536314
5.03772 49.6642 1.4021
5.1724 52.2046 1.58901
5.57959 54.5756 1.34328
5.76921 57.0945 1.80549
5.8228 59.6287 1.51181
5.6306 62.1137 2.16474
3.46897 62.9454 -2.9705
0.948662 62.529 3.09586
-1.60319 62.6334 3.07708
-4.02597 62.7342 3.0738
-6.56523 62.9194 3.05762
-8.9798 63.0909 3.03682
-11.5174 63.3113 3.07374
-14.0694 63.5108 3.06368
-15.5344 62.1345 -1.67579
-15.779 59.5618 -1.63386
-15.9673 56.9772 -1.6557
-16.2003 54.5283 -1.68552
-16.4916 51.9539 -1.67119
-15.5781 50.1129 -0.470654
-13.3388 49.9372 0.0272476
-10.917 49.8767 -0.0539998
-8.64501 49.6429 -0.131006
-6.67733 49.1371 -1.58279
-5.65469 49.5153 0.537921
-3.70968 49.515 -0.101585
-1.49271 49.1853 -0.173621
0.726098 48.8384 -0.1563
2.80323 48.5137 -0.0436769
4.97806 48.1505 -0.00614124
7.01108 47.8198 -0.233097
8.66671 46.9118 -0.828849
10.2098 45.6294 -0.608433
11.979 44.8518 -0.329493
14.1345 44.0574 -0.337514
16.33 43.4465 -0.25775
18.5727 42.7792 -0.281499
20.4068 42.159 -0.377823
21.0896 40.5168 -1.76656
20.6388 38.3362 -1.81857
20.0904 36.0412 -1.79237
19.5417 33.9298 -1.83956
19.012 31.9107 -1.78304
19.5807 30.1409 -0.474036
21.633 29.5481 -0.156083
23.9201 29.1069 -0.187316
26.1284 28.629 -0.160866
28.3591 28.2502 -0.142843
30.703 27.8286 -0.173979
33.0459 27.328 -0.205724
35.2463 26.7815 -0.236624
37.561 26.2178 -0.209358
39.7619 25.6697 -0.234118
42.1481 24.913 -0.423228
44.4188 24.203 -0.140448
46.7704 23.7999 -0.151967
49.1131 23.3694 -0.163158
51.563 22.8563 -0.19258
53.8709 22.2192 -0.275692
56.1622 21.5528 -0.14978
58.5061 21.1333 -0.156131
60.7159 20.6223 -0.226767
63.0134 19.9634 -0.24382
65.2087 19.4321 -0.117621
67.5759 19.0879 -0.120632
69.9106 18.6078 -0.21015
72.3692 17.985 -0.221973
74.3458 18.39 1.36672
74.8185 20.6711 1.39941
75.2012 22.9809 1.42171
75.5293 25.2939 1.46381
75.8361 27.4898 1.45255
76.2888 29.8317 1.36432
76.7842 32.1863 1.41691
75.8147 34.045 2.76842
73.4354 34.7304 2.91143
71.0874 35.0024 3.05589
68.6179 35.2509 3.03648
66.2786 35.5839 2.9591
64.0485 36.0873 2.91793
61.7823 36.6196 2.9262
59.3567 37.1516 2.94035
57.0329 37.6012 2.9615
54.8387 38.0407 2.92189
52.525 38.5482 2.94832
50.2252 39.1206 2.89945
47.939 39.694 2.91063
45.6263 40.2284 2.94058
43.2728 41.0157 2.82415
41.0154 41.721 2.89779
38.7085 42.2454 2.95015
36.5108 42.7027 2.95154
34.2157 43.2558 2.90873
32.0441 43.8248 2.88019
29.752 44.4035 2.91634
27.4317 44.8983 2.94688
25.2763 45.52 2.85492
23.0986 45.9506 -2.7953
22.3233 43.8203 -1.71435
21.8271 41.47 -1.83717
21.142 39.168 -1.90511
20.448 36.9949 -1.88378
19.8359 34.9517 -1.90235
19.1806 32.5441 -1.81034
19.5358 30.2806 -0.519285
21.9394 29.6023 -0.188416
24.5562 29.0583 -0.215104
27.1758 28.4368 -0.252101
29.7607 27.729 -0.288756
32.3751 27.0905 -0.25265
34.8485 26.4684 -0.244251
37.467 25.8734 -0.237094
39.9506 25.2744 -0.238927
42.421 24.6451 -0.262042
45.0521 24.1119 -0.216457
47.6662 23.4957 -0.243851
50.1382 22.8732 -0.226266
52.752 22.2553 -0.243718
55.383 21.7734 -0.102749
58.0361 21.2904 -0.194208
60.6606 20.702 -0.240842
63.1255 20.0731 -0.260996
65.7221 19.3866 -0.231245
68.2776 18.9481 -0.18386
70.8755 18.4319 -0.20282
73.4689 17.8869 -0.239328
75.9275 17.3154 -0.236238
78.3774 16.7401 -0.245553
80.9609 16.1097 -0.254281
83.5603 15.5875 -0.156084
86.0558 15.202 -0.163851
88.6844 14.7821 -0.169699
91.2993 14.3374 -0.184415
93.9239 13.8729 -0.178169
96.5436 13.41 -0.18863
98.7923 12.8677 -0.198027
101.179 12.3125 -0.161021
103.447 11.8276 -0.161506
105.841 11.312 -0.170056
108.224 10.79 -0.169484
110.604 10.5102 -0.0356358
113.132 10.4762 -0.0835555
115.547 10.1327 -0.155506
118.001 9.72801 -0.166769
120.347 9.22854 -0.308364
122.839 8.83677 -0.128141
125.213 8.52452 -0.131098
127.719 8.16679 -0.14846
129.485 9.3051 1.51728
129.547 11.898 1.56103
129.729 14.4778 1.41881
130.029 16.9271 1.4614
130.216 19.5179 1.57204
130.569 22.0833 1.39624
130.693 24.5113 2.10206
128.187 24.9462 3.08588
125.706 25.139 3.06558
123.213 25.3974 3.04233
120.679 26.0314 2.79875
118.232 26.5046 2.99879
115.774 26.8152 3.03465
113.169 27.1589 3.01276
110.715 27.5401 2.99156
108.135 27.9988 2.96572
105.564 28.5115 2.94464
102.994 29.0377 2.93944
100.413 29.4716 2.9902
97.9866 29.9107 2.9572
95.5863 30.433 2.92671
93.2079 30.999 2.97451
90.686 31.4795 2.95445
88.3023 32.0061 2.91523
86.0399 32.5555 2.91877
83.6395 33.0356 2.94553
81.2571 33.575 2.91243
78.8807 34.1574 3.0601
76.7114 33.3357 -2.11677
76.2863 31.0517 -1.46865
76.0994 28.7688 -1.71359
75.672 26.4614 -1.71188
75.1812 24.0681 -1.77394
74.7635 22.5178 -1.8144
74.2978 20.9536 -1.7539
74.0157 19.1892 -1.6081
75.0919 17.8674 -0.297855
77.4979 17.2841 -0.120308
79.9709 16.9156 -0.123412
82.3167 16.5778 -0.101576
84.803 16.3345 0.0587453
87.056 15.6619 -0.252323
89.4583 14.9444 -0.245079
91.88 14.3094 -0.160667
94.2163 13.8851 -0.145776
96.679 13.4649 -0.190265
99.3629 13.0256 -0.181396
102.032 12.5929 -0.190291
104.58 12.1815 -0.223503
106.9 10.9485 -0.919404
107.554 8.55822 -1.6619
107.435 6.48809 -1.70493
107.248 4.57565 -1.68571
106.989 2.73614 -1.75546
106.715 0.848221 -1.71526
106.464 -1.04295 -1.67082
106.264 -3.0272 -1.70304
105.857 -4.90773 -1.7559
104.332 -6.1705 -2.65266
103.352 -7.79596 -1.75075
102.821 -9.85155 -1.75829
102.257 -11.7506 -1.79789
101.571 -14.1462 -1.72017
101.212 -16.7069 -1.74057
100.832 -19.1422 -1.72238
100.456 -21.6973 -1.73432
100.02 -24.2599 -1.77243
99.537 -26.6651 -1.80099
98.9978 -29.0552 -2.08248
96.6057 -29.3373 3.07377
94.4594 -29.861 -1.53979
94.2648 -32.3267 -1.76054
94.4738 -34.4874 -0.0952701
96.3966 -34.0165 -1.37305
94.1699 -34.6615 -3.12174
91.5111 -34.5032 3.08274
88.8769 -34.1411 3.00344
86.2562 -33.6659 3.04105
83.7484 -33.309 3.02392
81.1294 -33.0061 3.08079
78.4927 -32.7497 3.00667
76.0159 -32.3274 2.9385
73.4374 -31.7786 -3.12971
70.9293 -31.6443 3.0653
68.3024 -31.3588 3.00391
65.6859 -30.9502 2.96019
63.3017 -30.202 2.77922
60.9487 -29.3333 2.81707
58.4113 -28.6373 2.89808
55.8596 -27.9644 2.85571
53.3394 -27.1669 2.80271
50.806 -26.4383 2.8451
48.3832 -25.7869 2.87252
46.0872 -25.1614 2.92678
43.5158 -24.5607 2.89357
41.2176 -23.9267 2.86192
38.7875 -23.3251 2.89581
36.4935 -22.7004 2.85834
34.1016 -21.9686 2.83534
31.7073 -21.204 2.78503
29.424 -20.5275 2.87049
27.0291 -19.8131 2.84394
24.769 -19.0716 2.81623
22.998 -18.375 2.99464
21.1398 -18.1631 2.93062
19.489 -17.7786 2.95416
17.9426 -17.5168 3.01703
16.0476 -17.2513 2.93461
13.9722 -16.624 2.85684
11.7873 -15.9993 2.94501
9.64922 -15.561 2.93771
7.52736 -15.1225 2.98379
5.28051 -14.7388 3.01925
3.48355 -14.4756 2.97783
1.89191 -14.1229 2.85643
1.24373 -12.8423 1.47285
1.57209 -10.8647 1.40483
2.02189 -8.86906 1.35499
2.50671 -6.88413 1.42831
2.7814 -4.86029 1.6274
2.42401 -2.86054 1.85289
1.2758 -1.36592 2.48364
-0.471931 -0.439745 -3.016
-2.44521 -0.95224 -3.083
-4.47795 -0.844796 3.04681
-6.78684 -0.622304 3.05102
-8.98296 -0.431738 3.05816
-11.2919 -0.23814 3.04995
-13.2313 0.264961 2.02491
-13.4016 2.27107 1.43995
-13.1423 3.87684 1.41187
-12.8076 5.48547 1.33732
-12.4717 7.32912 1.46998
-12.3124 9.1905 1.53267
-12.1579 11.2716 1.56434
-12.0614 13.4098 1.51429
-11.8722 15.4363 1.47931
-11.6917 17.5565 1.49981
-11.4988 19.6737 1.50189
-11.279 21.794 1.44766
-10.9583 23.896 1.40496
-10.5249 26.2358 1.39989
-10.0393 28.5942 1.35903
-9.5406 30.853 1.33714
-8.99382 33.0839 1.31987
-8.54538 35.3437 1.45943
-8.22738 37.5476 1.42098
-7.92946 39.2422 1.39677
-7.52979 41.2523 1.41098
-7.22557 43.1869 1.41521
-6.86513 45.1071 1.37648
-6.42064 47.1073 1.34634
-6.00243 49.0118 1.42314
-4.77985 49.9513 -0.0308346
-2.87714 49.8436 -0.22505
-1.02443 49.4377 -0.22464
0.830617 49.0236 -0.282748
2.7801 48.5918 -0.349817
4.83035 48.1566 -0.319331
6.7846 47.75 -0.315895
8.40336 47.174 -0.362666
8.4609 45.8618 -2.2131
9.14625 45.5577 1.74912
8.84757 47.22 2.49219
7.13583 47.4164 3.01768
5.43186 47.7866 2.94069
4.89381 49.0759 1.15401
4.94057 50.7894 1.58558
4.95594 52.5918 1.52016
5.0363 54.4034 1.51909
5.19917 56.1966 1.33029
5.52367 57.8857 1.44008
5.74078 59.6746 1.47629
5.66006 61.3511 2.41132
3.92337 61.8852 2.94718
2.19431 62.0889 3.06885
0.374319 62.2884 2.99078
-1.35427 62.5065 3.11319
-3.09305 62.5349 -3.09403
-4.91802 62.5302 3.06794
-6.65045 62.6515 3.1012
-8.47933 62.7201 3.13758
-10.2996 62.8566 3.07186
-12.0378 62.9822 3.0952
-13.7743 63.0616 3.1337
-15.5202 62.8224 -2.0359
-15.5429 61.1281 -1.58275
-15.6766 59.4216 -1.66572
-15.8801 57.7138 -1.68228
-16.1097 56.0133 -1.70205
-16.3409 54.2261 -1.61961
-16.4609 52.5163 -1.62579
-16.5794 50.7212 -1.5858
-15.2361 50.0763 -0.112489
-13.5546 49.8319 -0.154585
-11.8 49.5568 -0.178215
-10.1276 49.2731 -0.152719
-8.37415 48.9992 -0.0235521
-6.60144 48.9163 -0.222798
-6.42641 47.3122 -1.6434
-6.63208 45.5254 -1.50243
-6.69109 43.7874 -1.64277
-6.87074 42.0244 -1.66858
-7.11243 40.3138 -1.70714
-7.40167 38.6271 -1.74747
-7.77588 36.862 -1.77869
-8.21218 34.9038 -1.76206
-8.64338 32.8853 -1.7567
-9.10041 30.874 -1.80037
-9.65766 28.7793 -1.77343
-9.96734 26.7426 -1.71609
-10.3523 24.7194 -1.76566
-10.8924 22.4067 -1.81768
-11.3618 19.8766 -1.747
-11.9097 17.3491 -1.80581
-12.1686 14.9583 -1.66957
-12.6929 13.4782 -1.37775
-11.4736 13.1677 0.604552
-11.5051 14.4288 2.74954
-12.5302 13.6322 -1.21473
-11.9638 12.1681 -1.55022
-12.3018 10.4835 -1.93477
-12.8549 8.61909 -1.7187
-13.2473 6.6 -1.77701
-13.5381 4.57899 -1.67971
-13.6127 2.94239 -1.68396
-13.8616 1.26904 -1.72078
-13.2544 0.142601 -0.168818
-11.6816 -0.152132 -0.186824
-10.1162 -0.478966 -0.208686
-8.43908 -0.87413 -0.221717
-6.42718 -1.12042 -0.0864766
-4.40342 -1.25738 -0.0302191
-2.17496 -1.36079 -0.0497329
-0.135897 -1.41392 -0.00755365
1.63556 -1.96381 -0.710704
2.53605 -3.68365 -1.54121
2.48643 -5.7333 -1.69316
2.15424 -7.87531 -1.6802
1.86305 -9.91519 -1.72273
1.63969 -12.0661 -1.57535
1.51574 -14.1151 -1.67594
1.32362 -16.267 -1.68641
0.919922 -18.2786 -1.68955
0.619497 -20.3155 -1.75369
0.158183 -22.3177 -1.9194
-1.25964 -23.7895 -2.40807
-2.98663 -25.2122 -2.51285
-5.18007 -26.0941 2.95718
-7.35501 -25.3222 2.76036
-9.62068 -24.7466 3.07729
-12.0027 -24.5113 3.02258
-14.4903 -24.1297 2.96858
-16.4084 -24.3873 -2.35544
-16.914 -26.1738 -1.85896
-17.1866 -27.6414 -1.52518
-17.35 -29.8073 -1.70479
-17.7528 -32.3441 -1.72077
-18.1232 -34.8886 -1.73866
-18.4798 -37.3073 -1.65318
-18.7166 -39.7312 -1.63867
-18.9534 -42.2949 -1.68149
-19.2706 -44.7147 -1.68198
-19.6035 -47.2679 -1.71609
-19.8415 -49.8232 -1.62149
-20.13 -52.0087 -1.93829
-20.428 -53.5285 -1.67207
-20.6568 -55.4221 -1.69959
-21.0429 -57.9078 -1.73556
-21.4917 -60.3168 -1.77731
-22.0029 -62.8344 -1.76465
-22.53 -65.3441 -1.78619
-23.1359 -67.8482 -1.84411
-23.5959 -70.3701 -1.6746
-23.8929 -72.9129 -1.70079
-24.249 -75.4715 -1.71568
-24.6292 -77.8791 -1.7392
-25.0886 -80.41 -1.75443
-25.5927 -82.9281 -1.75079
-26.0754 -85.4381 -1.7765
-26.4405 -87.1087 -1.78939
-26.7764 -88.8219 -1.62629
-26.8946 -90.6799 -1.63124
-27.2441 -92.9957 -1.74568
-27.6989 -95.3961 -1.76147
-26.6442 -97.2578 -0.314688
-24.2175 -98.1144 -0.640887
-24.1422 -100.475 -1.66287
-24.3699 -103.035 -1.71881
-24.889 -105.404 -1.77941
-25.3211 -107.247 -1.79157
-25.9851 -109 -2.31929
-27.6404 -110.652 -2.12136
-28.5064 -112.809 -1.79595
-28.9511 -114.993 -1.58598
-27.5368 -116.411 -0.183092
-25.2391 -116.807 -0.154674
-22.7166 -117.16 -0.100223
-20.2378 -117.82 -0.266521
-17.756 -118.533 -0.25265
-15.3751 -119.113 -0.210298
-12.841 -119.62 -0.166353
-10.302 -120.045 -0.20371
-7.9003 -120.525 -0.220725
-5.37333 -121.072 -0.187412
-2.99337 -121.642 -0.245004
-0.474542 -122.227 -0.201965
2.02593 -122.839 -0.326133
4.36255 -123.575 -0.249893
6.73561 -124.169 -0.22287
9.28056 -124.462 0.15547
11.6575 -123.53 0.647361
13.5248 -121.938 0.643206
15.67 -120.523 0.587735
17.5946 -118.849 1.12793
18.1528 -117.167 1.70223
18.6972 -115.686 -0.0885643
18.4433 -117.227 -1.73561
18.5583 -115.7 1.55252
19.1477 -113.21 1.25271
19.8551 -110.871 1.31692
20.4518 -108.494 1.36064
20.8952 -105.96 1.44746
21.1826 -103.401 1.4997
21.3309 -100.966 1.54416
21.3996 -98.715 1.37494
21.8962 -96.4412 1.3862
22.3343 -94.0375 1.42123
22.6967 -91.4907 1.46913
23.2362 -88.9698 1.36897
23.7079 -86.568 1.40498
24.1245 -84.0257 1.43446
24.66 -81.6576 1.22476
25.5565 -79.238 1.23394
26.3072 -76.7646 1.3037
26.9283 -74.4089 1.37902
26.8581 -71.8428 1.67557
26.7688 -69.4063 1.50806
27.2349 -66.9617 1.34427
27.8144 -64.4864 1.35207
28.3485 -61.9763 1.39376
28.7948 -59.5675 1.4031
29.1912 -57.2463 1.41508
29.5721 -54.7089 1.44031
29.9625 -52.165 1.35756
30.584 -49.7966 1.33245
31.1759 -47.2935 1.36445
31.6976 -44.7731 1.39431
32.1229 -42.3604 1.42091
32.5469 -39.8197 1.37208
33.1075 -37.4416 1.35449
33.663 -35.042 1.34999
34.1869 -32.6557 1.38066
34.6782 -30.1197 1.41184
35.0811 -27.7132 1.41766
35.5699 -25.2846 1.18236
37.4604 -23.7998 0.0497286
40.0227 -24.0132 -0.110931
42.4469 -24.3645 -0.186709
44.8152 -24.9399 -0.259494
46.9853 -25.8468 -0.545223
48.4636 -25.0899 2.2862
46.4411 -24.971 3.07783
43.7435 -24.7978 3.096
41.239 -24.2888 2.82689
38.6917 -23.4107 2.99268
36.0087 -23.098 3.05234
33.4808 -22.745 2.65604
31.3378 -21.23 2.9493
28.7989 -20.839 -2.93369
29.2912 -21.5854 0.410313
31.4856 -21.8401 -0.210776
33.8563 -22.4496 -0.269639
36.0667 -23.1607 -0.330857
38.4098 -23.8536 -0.276788
40.7778 -24.4455 -0.0549001
43.2016 -24.6931 -0.175785
45.274 -24.7765 -0.0306828
47.6795 -25.1603 -0.206554
50.0563 -25.744 -0.255007
52.3973 -26.4546 -0.309111
54.6299 -27.0808 -0.153219
57.0439 -27.484 -0.176994
59.3339 -27.8606 -0.133785
61.7479 -28.2274 -0.159738
64.1563 -28.669 -0.190468
66.4298 -29.1818 -0.225385
68.8059 -29.7947 -0.251781
71.0592 -30.3867 -0.250901
73.3439 -31.0161 -0.264813
75.6784 -31.6219 -0.145495
78.0978 -32.0233 -0.172245
80.4937 -32.5574 -0.217166
82.7561 -33.0883 -0.153396
85.1856 -33.3107 -0.264162
87.5223 -33.91 -0.288689
89.8463 -34.5838 -0.317534
92.0436 -35.26 -0.250116
93.3155 -33.4225 1.35043
93.7971 -30.8013 1.16167
95.6965 -29.5182 0.102075
98.2346 -29.9058 -0.0857983
99.5784 -28.0508 1.2522
100.119 -25.5417 1.34757
100.558 -23.5479 1.38425
101.348 -22.2793 -0.327116
101.076 -23.762 -2.13204
100.519 -25.517 -1.67574
100.149 -28.0703 -1.75053
99.3195 -30.3427 -2.73651
96.8151 -30.5803 -3.10208
94.9159 -31.7613 -2.05805
94.0567 -33.9487 -1.87386
94.8019 -35.437 -0.605284
96.5549 -36.1142 -0.222919
98.5479 -36.6034 -0.226381
101.05 -37.2304 -0.243155
103.843 -37.7406 -0.070043
106.809 -38.0672 -0.0804848
109.78 -38.4194 -0.0876026
112.605 -38.776 -0.0946559
115.559 -39.1597 -0.09957
118.385 -39.5316 -0.0573078
121.208 -39.6808 -0.130106
124.094 -40.4925 -0.286454
126.976 -41.2789 -0.18573
129.768 -41.8636 -0.185888
132.477 -42.0927 0.0158964
135.204 -41.9931 0.0155914
137.944 -41.9499 -0.0300955
140.66 -42.0315 -0.200837
143.216 -42.4774 -0.211996
145.879 -42.9601 -0.220346
148.442 -43.47 -0.242345
151.06 -44.024 -0.253664
153.56 -44.6907 -0.25358
155.937 -45.3363 -0.226821
158.461 -45.8098 -0.0640923
160.978 -46.1673 -0.619935
160.868 -48.1097 -2.65827
160.054 -50.2199 -1.74854
159.565 -52.6186 -1.72031
159.748 -55.1933 -1.45928
159.755 -57.7812 -1.62753
159.542 -60.2265 -1.68423
159.172 -62.7742 -1.7403
158.653 -65.3156 -1.80141
158.172 -67.7226 -1.72591
157.701 -70.2577 -1.78205
157.107 -72.7807 -1.75371
156.843 -75.3501 -1.65691
156.57 -77.7914 -1.69876
156.179 -80.3333 -1.74871
155.663 -82.8764 -1.79304
155.069 -85.2526 -1.8349
154.645 -87.7982 -1.63272
154.472 -90.2464 -1.64842
154.219 -92.8228 -1.68237
153.893 -95.3829 -1.71059
153.48 -97.9421 -1.74542
152.975 -100.474 -1.77985
152.389 -102.993 -1.81855
151.876 -105.384 -1.72655
151.438 -107.939 -1.74984
150.945 -110.472 -1.7782
150.378 -112.988 -1.77497
150.016 -115.416 -1.71351
149.619 -117.971 -1.73306
149.167 -120.523 -1.74942
148.67 -123.061 -1.77513
148.311 -125.483 -1.64509
148.081 -128.056 -1.66263
147.486 -130.53 -1.96524
146.461 -132.928 -1.9356
145.775 -135.282 -1.83403
145.222 -137.672 -1.76851
144.708 -140.198 -1.78261
144.154 -142.737 -1.79371
144.502 -144.399 -1.037
145.436 -145.955 -0.960191
146.554 -147.618 -1.00564
148.005 -149.766 -0.885683
149.871 -151.501 -0.442069
152.34 -152.253 -0.272694
154.74 -152.895 -0.222937
157.024 -153.381 -0.172041
159.566 -153.807 -0.117097
161.963 -154.331 -0.194474
164.507 -154.804 -0.163131
166.831 -155.529 -0.429619
169.036 -156.324 -0.292907
171.015 -156.948 -0.245847
173.024 -157.411 -0.111049
175.172 -157.678 -0.190069
176.999 -158.005 -0.144764
179.138 -158.453 -0.327905
181.493 -159.255 -0.300469
183.836 -159.986 -0.287137
186.315 -160.711 -0.259777
188.803 -161.395 -0.248691
190.569 -161.568 0.446295
191.697 -160.158 1.35816
192.2 -157.688 1.41163
192.152 -155.284 1.46027
192.408 -153.14 1.48825
192.554 -151.524 1.39144
193.662 -149.259 1.39622
194.001 -146.73 1.48161
194.215 -144.303 1.51504
194.384 -141.749 1.48306
194.563 -139.33 1.54024
194.916 -136.791 1.4034
195.301 -134.388 1.44389
195.754 -131.875 1.25052
196.514 -129.563 1.30277
197.076 -127.062 1.38307
197.795 -124.613 1.28742
198.094 -122.209 1.59217
198.037 -119.785 1.6188
198.801 -117.606 1.11033
199.158 -115.942 1.42278
199.695 -114.369 1.56775
199.228 -112.776 2.04932
198.197 -111.697 2.55647
197.392 -110.162 1.5673
199.148 -108.944 0.621893
200.749 -107.046 1.31606
201.197 -104.668 1.42663
201.5 -102.255 1.48277
201.725 -99.7046 1.44804
202.244 -97.2881 1.37625
202.725 -94.8104 1.38629
203.432 -92.3529 1.38233
204.029 -89.8782 1.1853
204.652 -87.5327 1.39719
205.132 -85.0207 1.38505
205.55 -82.4858 1.55767
205.573 -79.9356 1.59261
205.531 -77.5027 1.53288
205.783 -74.9564 1.4911
206.346 -72.4601 1.29773
207.018 -70.1269 1.3114
207.491 -67.6168 1.55499
208.047 -65.2651 1.32198
208.147 -62.9959 1.55819
208.366 -61.1454 1.39899
208.698 -59.0136 1.7649
207.325 -57.9873 2.96661
204.958 -57.5918 2.99566
202.556 -57.2245 2.9261
200.05 -56.7123 2.96308
197.513 -56.2771 2.90686
195.049 -55.596 2.8055
192.713 -54.5522 2.7443
190.451 -53.6546 2.79799
188.025 -52.846 2.86054
185.544 -52.1796 2.91
183.163 -51.6667 2.95904
180.645 -51.2008 2.91184
178.269 -50.688 2.95543
175.782 -50.0715 2.86089
173.306 -49.3969 2.90318
170.945 -48.8244 2.93497
168.57 -47.8617 2.75132
166.183 -46.9395 2.80547
163.74 -46.2131 -3.10918
161.245 -46.7409 -2.63769
160.16 -48.3311 -1.66052
161.188 -48.7469 1.57598
160.589 -47.2283 1.4593
160.318 -45.6466 2.57522
158.485 -45.2038 2.96162
156.061 -45.0673 -3.08466
153.505 -45.2609 -3.03648
150.951 -45.446 2.99562
148.696 -44.9556 2.99388
146.325 -44.443 2.91362
143.972 -43.8001 2.94066
141.606 -43.251 2.98939
139.34 -42.847 3.0415
137.064 -42.5629 3.0797
134.645 -42.3567 3.13289
132.245 -42.0759 2.97994
130.011 -41.4893 2.94369
127.891 -41.1108 2.97048
125.841 -40.8017 2.98633
123.731 -40.5321 3.01278
121.701 -40.3362 3.02808
119.55 -40.1233 3.00149
117.527 -39.8319 2.94435
115.409 -39.4574 2.97143
113.275 -39.1585 2.99358
111.321 -38.9294 3.00267
109.187 -38.6724 2.9459
107.064 -38.2887 2.95362
104.94 -37.9291 2.95891
102.927 -37.5917 2.95463
100.821 -37.1654 2.93937
98.4308 -36.6952 2.96731
95.8974 -36.2575 2.9904
93.3639 -35.8747 3.00297
90.9791 -35.3831 2.9349
88.482 -34.8353 2.93522
86.0525 -34.3412 2.96251
83.585 -33.805 2.8922
81.0952 -33.1826 2.90453
78.7287 -32.6269 2.92577
76.3486 -32.1045 2.93257
73.8378 -31.5852 2.95052
71.3215 -31.0969 2.96128
68.7963 -30.6327 2.96632
66.2701 -30.1972 2.98344
63.9034 -29.6312 2.89063
61.4178 -28.9744 2.88847
58.9331 -28.3091 2.88241
56.5702 -27.6732 2.88753
54.0865 -27.0121 2.891
51.7255 -26.3748 2.88309
49.2387 -25.6957 2.88099
46.7569 -25.0277 2.92725
44.3512 -24.6007 2.92667
41.8447 -24.0253 2.92345
39.4783 -23.4458 2.86324
36.9995 -22.7274 2.86939
34.9598 -22.1455 2.86361
33.0812 -21.6052 2.86466
30.6107 -20.8764 2.85982
28.225 -20.1697 2.86042
25.7973 -19.451 2.85699
